2643 2705
2 31 31
1 31
2 1 0 61 62 AND
2 1 1 61 63 AND
2 1 2 61 64 AND
2 1 3 61 65 AND
2 1 4 61 66 AND
2 1 5 61 67 AND
2 1 6 61 68 AND
2 1 7 61 69 AND
2 1 8 61 70 AND
2 1 9 61 71 AND
2 1 10 61 72 AND
2 1 11 61 73 AND
2 1 12 61 74 AND
2 1 13 61 75 AND
2 1 14 61 76 AND
2 1 15 61 77 AND
2 1 16 61 78 AND
2 1 17 61 79 AND
2 1 18 61 80 AND
2 1 19 61 81 AND
2 1 20 61 82 AND
2 1 21 61 83 AND
2 1 22 61 84 AND
2 1 23 61 85 AND
2 1 24 61 86 AND
2 1 25 61 87 AND
2 1 26 61 88 AND
2 1 27 61 89 AND
2 1 28 61 90 AND
2 1 29 61 91 AND
2 1 1 60 92 AND
2 1 2 60 93 AND
2 1 3 60 94 AND
2 1 4 60 95 AND
2 1 5 60 96 AND
2 1 6 60 97 AND
2 1 7 60 98 AND
2 1 8 60 99 AND
2 1 9 60 100 AND
2 1 10 60 101 AND
2 1 11 60 102 AND
2 1 12 60 103 AND
2 1 13 60 104 AND
2 1 14 60 105 AND
2 1 15 60 106 AND
2 1 16 60 107 AND
2 1 17 60 108 AND
2 1 18 60 109 AND
2 1 19 60 110 AND
2 1 20 60 111 AND
2 1 21 60 112 AND
2 1 22 60 113 AND
2 1 23 60 114 AND
2 1 24 60 115 AND
2 1 25 60 116 AND
2 1 26 60 117 AND
2 1 27 60 118 AND
2 1 28 60 119 AND
2 1 29 60 120 AND
2 1 30 60 121 AND
2 1 2 59 122 AND
2 1 3 59 123 AND
2 1 4 59 124 AND
2 1 5 59 125 AND
2 1 6 59 126 AND
2 1 7 59 127 AND
2 1 8 59 128 AND
2 1 9 59 129 AND
2 1 10 59 130 AND
2 1 11 59 131 AND
2 1 12 59 132 AND
2 1 13 59 133 AND
2 1 14 59 134 AND
2 1 15 59 135 AND
2 1 16 59 136 AND
2 1 17 59 137 AND
2 1 18 59 138 AND
2 1 19 59 139 AND
2 1 20 59 140 AND
2 1 21 59 141 AND
2 1 22 59 142 AND
2 1 23 59 143 AND
2 1 24 59 144 AND
2 1 25 59 145 AND
2 1 26 59 146 AND
2 1 27 59 147 AND
2 1 28 59 148 AND
2 1 29 59 149 AND
2 1 30 59 150 AND
2 1 3 58 151 AND
2 1 4 58 152 AND
2 1 5 58 153 AND
2 1 6 58 154 AND
2 1 7 58 155 AND
2 1 8 58 156 AND
2 1 9 58 157 AND
2 1 10 58 158 AND
2 1 11 58 159 AND
2 1 12 58 160 AND
2 1 13 58 161 AND
2 1 14 58 162 AND
2 1 15 58 163 AND
2 1 16 58 164 AND
2 1 17 58 165 AND
2 1 18 58 166 AND
2 1 19 58 167 AND
2 1 20 58 168 AND
2 1 21 58 169 AND
2 1 22 58 170 AND
2 1 23 58 171 AND
2 1 24 58 172 AND
2 1 25 58 173 AND
2 1 26 58 174 AND
2 1 27 58 175 AND
2 1 28 58 176 AND
2 1 29 58 177 AND
2 1 30 58 178 AND
2 1 4 57 179 AND
2 1 5 57 180 AND
2 1 6 57 181 AND
2 1 7 57 182 AND
2 1 8 57 183 AND
2 1 9 57 184 AND
2 1 10 57 185 AND
2 1 11 57 186 AND
2 1 12 57 187 AND
2 1 13 57 188 AND
2 1 14 57 189 AND
2 1 15 57 190 AND
2 1 16 57 191 AND
2 1 17 57 192 AND
2 1 18 57 193 AND
2 1 19 57 194 AND
2 1 20 57 195 AND
2 1 21 57 196 AND
2 1 22 57 197 AND
2 1 23 57 198 AND
2 1 24 57 199 AND
2 1 25 57 200 AND
2 1 26 57 201 AND
2 1 27 57 202 AND
2 1 28 57 203 AND
2 1 29 57 204 AND
2 1 30 57 205 AND
2 1 5 56 206 AND
2 1 6 56 207 AND
2 1 7 56 208 AND
2 1 8 56 209 AND
2 1 9 56 210 AND
2 1 10 56 211 AND
2 1 11 56 212 AND
2 1 12 56 213 AND
2 1 13 56 214 AND
2 1 14 56 215 AND
2 1 15 56 216 AND
2 1 16 56 217 AND
2 1 17 56 218 AND
2 1 18 56 219 AND
2 1 19 56 220 AND
2 1 20 56 221 AND
2 1 21 56 222 AND
2 1 22 56 223 AND
2 1 23 56 224 AND
2 1 24 56 225 AND
2 1 25 56 226 AND
2 1 26 56 227 AND
2 1 27 56 228 AND
2 1 28 56 229 AND
2 1 29 56 230 AND
2 1 30 56 231 AND
2 1 6 55 232 AND
2 1 7 55 233 AND
2 1 8 55 234 AND
2 1 9 55 235 AND
2 1 10 55 236 AND
2 1 11 55 237 AND
2 1 12 55 238 AND
2 1 13 55 239 AND
2 1 14 55 240 AND
2 1 15 55 241 AND
2 1 16 55 242 AND
2 1 17 55 243 AND
2 1 18 55 244 AND
2 1 19 55 245 AND
2 1 20 55 246 AND
2 1 21 55 247 AND
2 1 22 55 248 AND
2 1 23 55 249 AND
2 1 24 55 250 AND
2 1 25 55 251 AND
2 1 26 55 252 AND
2 1 27 55 253 AND
2 1 28 55 254 AND
2 1 29 55 255 AND
2 1 30 55 256 AND
2 1 7 54 257 AND
2 1 8 54 258 AND
2 1 9 54 259 AND
2 1 10 54 260 AND
2 1 11 54 261 AND
2 1 12 54 262 AND
2 1 13 54 263 AND
2 1 14 54 264 AND
2 1 15 54 265 AND
2 1 16 54 266 AND
2 1 17 54 267 AND
2 1 18 54 268 AND
2 1 19 54 269 AND
2 1 20 54 270 AND
2 1 21 54 271 AND
2 1 22 54 272 AND
2 1 23 54 273 AND
2 1 24 54 274 AND
2 1 25 54 275 AND
2 1 26 54 276 AND
2 1 27 54 277 AND
2 1 28 54 278 AND
2 1 29 54 279 AND
2 1 30 54 280 AND
2 1 8 53 281 AND
2 1 9 53 282 AND
2 1 10 53 283 AND
2 1 11 53 284 AND
2 1 12 53 285 AND
2 1 13 53 286 AND
2 1 14 53 287 AND
2 1 15 53 288 AND
2 1 16 53 289 AND
2 1 17 53 290 AND
2 1 18 53 291 AND
2 1 19 53 292 AND
2 1 20 53 293 AND
2 1 21 53 294 AND
2 1 22 53 295 AND
2 1 23 53 296 AND
2 1 24 53 297 AND
2 1 25 53 298 AND
2 1 26 53 299 AND
2 1 27 53 300 AND
2 1 28 53 301 AND
2 1 29 53 302 AND
2 1 30 53 303 AND
2 1 9 52 304 AND
2 1 10 52 305 AND
2 1 11 52 306 AND
2 1 12 52 307 AND
2 1 13 52 308 AND
2 1 14 52 309 AND
2 1 15 52 310 AND
2 1 16 52 311 AND
2 1 17 52 312 AND
2 1 18 52 313 AND
2 1 19 52 314 AND
2 1 20 52 315 AND
2 1 21 52 316 AND
2 1 22 52 317 AND
2 1 23 52 318 AND
2 1 24 52 319 AND
2 1 25 52 320 AND
2 1 26 52 321 AND
2 1 27 52 322 AND
2 1 28 52 323 AND
2 1 29 52 324 AND
2 1 30 52 325 AND
2 1 10 51 326 AND
2 1 11 51 327 AND
2 1 12 51 328 AND
2 1 13 51 329 AND
2 1 14 51 330 AND
2 1 15 51 331 AND
2 1 16 51 332 AND
2 1 17 51 333 AND
2 1 18 51 334 AND
2 1 19 51 335 AND
2 1 20 51 336 AND
2 1 21 51 337 AND
2 1 22 51 338 AND
2 1 23 51 339 AND
2 1 24 51 340 AND
2 1 25 51 341 AND
2 1 26 51 342 AND
2 1 27 51 343 AND
2 1 28 51 344 AND
2 1 29 51 345 AND
2 1 30 51 346 AND
2 1 11 50 347 AND
2 1 12 50 348 AND
2 1 13 50 349 AND
2 1 14 50 350 AND
2 1 15 50 351 AND
2 1 16 50 352 AND
2 1 17 50 353 AND
2 1 18 50 354 AND
2 1 19 50 355 AND
2 1 20 50 356 AND
2 1 21 50 357 AND
2 1 22 50 358 AND
2 1 23 50 359 AND
2 1 24 50 360 AND
2 1 25 50 361 AND
2 1 26 50 362 AND
2 1 27 50 363 AND
2 1 28 50 364 AND
2 1 29 50 365 AND
2 1 30 50 366 AND
2 1 12 49 367 AND
2 1 13 49 368 AND
2 1 14 49 369 AND
2 1 15 49 370 AND
2 1 16 49 371 AND
2 1 17 49 372 AND
2 1 18 49 373 AND
2 1 19 49 374 AND
2 1 20 49 375 AND
2 1 21 49 376 AND
2 1 22 49 377 AND
2 1 23 49 378 AND
2 1 24 49 379 AND
2 1 25 49 380 AND
2 1 26 49 381 AND
2 1 27 49 382 AND
2 1 28 49 383 AND
2 1 29 49 384 AND
2 1 30 49 385 AND
2 1 13 48 386 AND
2 1 14 48 387 AND
2 1 15 48 388 AND
2 1 16 48 389 AND
2 1 17 48 390 AND
2 1 18 48 391 AND
2 1 19 48 392 AND
2 1 20 48 393 AND
2 1 21 48 394 AND
2 1 22 48 395 AND
2 1 23 48 396 AND
2 1 24 48 397 AND
2 1 25 48 398 AND
2 1 26 48 399 AND
2 1 27 48 400 AND
2 1 28 48 401 AND
2 1 29 48 402 AND
2 1 30 48 403 AND
2 1 14 47 404 AND
2 1 15 47 405 AND
2 1 16 47 406 AND
2 1 17 47 407 AND
2 1 18 47 408 AND
2 1 19 47 409 AND
2 1 20 47 410 AND
2 1 21 47 411 AND
2 1 22 47 412 AND
2 1 23 47 413 AND
2 1 24 47 414 AND
2 1 25 47 415 AND
2 1 26 47 416 AND
2 1 27 47 417 AND
2 1 28 47 418 AND
2 1 29 47 419 AND
2 1 30 47 420 AND
2 1 15 46 421 AND
2 1 16 46 422 AND
2 1 17 46 423 AND
2 1 18 46 424 AND
2 1 19 46 425 AND
2 1 20 46 426 AND
2 1 21 46 427 AND
2 1 22 46 428 AND
2 1 23 46 429 AND
2 1 24 46 430 AND
2 1 25 46 431 AND
2 1 26 46 432 AND
2 1 27 46 433 AND
2 1 28 46 434 AND
2 1 29 46 435 AND
2 1 30 46 436 AND
2 1 16 45 437 AND
2 1 17 45 438 AND
2 1 18 45 439 AND
2 1 19 45 440 AND
2 1 20 45 441 AND
2 1 21 45 442 AND
2 1 22 45 443 AND
2 1 23 45 444 AND
2 1 24 45 445 AND
2 1 25 45 446 AND
2 1 26 45 447 AND
2 1 27 45 448 AND
2 1 28 45 449 AND
2 1 29 45 450 AND
2 1 30 45 451 AND
2 1 17 44 452 AND
2 1 18 44 453 AND
2 1 19 44 454 AND
2 1 20 44 455 AND
2 1 21 44 456 AND
2 1 22 44 457 AND
2 1 23 44 458 AND
2 1 24 44 459 AND
2 1 25 44 460 AND
2 1 26 44 461 AND
2 1 27 44 462 AND
2 1 28 44 463 AND
2 1 29 44 464 AND
2 1 30 44 465 AND
2 1 18 43 466 AND
2 1 19 43 467 AND
2 1 20 43 468 AND
2 1 21 43 469 AND
2 1 22 43 470 AND
2 1 23 43 471 AND
2 1 24 43 472 AND
2 1 25 43 473 AND
2 1 26 43 474 AND
2 1 27 43 475 AND
2 1 28 43 476 AND
2 1 29 43 477 AND
2 1 30 43 478 AND
2 1 19 42 479 AND
2 1 20 42 480 AND
2 1 21 42 481 AND
2 1 22 42 482 AND
2 1 23 42 483 AND
2 1 24 42 484 AND
2 1 25 42 485 AND
2 1 26 42 486 AND
2 1 27 42 487 AND
2 1 28 42 488 AND
2 1 29 42 489 AND
2 1 30 42 490 AND
2 1 20 41 491 AND
2 1 21 41 492 AND
2 1 22 41 493 AND
2 1 23 41 494 AND
2 1 24 41 495 AND
2 1 25 41 496 AND
2 1 26 41 497 AND
2 1 27 41 498 AND
2 1 28 41 499 AND
2 1 29 41 500 AND
2 1 30 41 501 AND
2 1 21 40 502 AND
2 1 22 40 503 AND
2 1 23 40 504 AND
2 1 24 40 505 AND
2 1 25 40 506 AND
2 1 26 40 507 AND
2 1 27 40 508 AND
2 1 28 40 509 AND
2 1 29 40 510 AND
2 1 30 40 511 AND
2 1 22 39 512 AND
2 1 23 39 513 AND
2 1 24 39 514 AND
2 1 25 39 515 AND
2 1 26 39 516 AND
2 1 27 39 517 AND
2 1 28 39 518 AND
2 1 29 39 519 AND
2 1 30 39 520 AND
2 1 23 38 521 AND
2 1 24 38 522 AND
2 1 25 38 523 AND
2 1 26 38 524 AND
2 1 27 38 525 AND
2 1 28 38 526 AND
2 1 29 38 527 AND
2 1 30 38 528 AND
2 1 24 37 529 AND
2 1 25 37 530 AND
2 1 26 37 531 AND
2 1 27 37 532 AND
2 1 28 37 533 AND
2 1 29 37 534 AND
2 1 30 37 535 AND
2 1 25 36 536 AND
2 1 26 36 537 AND
2 1 27 36 538 AND
2 1 28 36 539 AND
2 1 29 36 540 AND
2 1 30 36 541 AND
2 1 26 35 542 AND
2 1 27 35 543 AND
2 1 28 35 544 AND
2 1 29 35 545 AND
2 1 30 35 546 AND
2 1 27 34 547 AND
2 1 28 34 548 AND
2 1 29 34 549 AND
2 1 30 34 550 AND
2 1 28 33 551 AND
2 1 29 33 552 AND
2 1 30 33 553 AND
2 1 29 32 554 AND
2 1 30 32 555 AND
2 1 30 31 556 AND
2 1 120 150 557 XOR
2 1 120 150 558 AND
2 1 119 149 559 XOR
2 1 559 558 560 XOR
2 1 119 149 561 AND
2 1 559 558 562 AND
2 1 561 562 563 LOR
2 1 118 148 564 XOR
2 1 564 563 565 XOR
2 1 118 148 566 AND
2 1 564 563 567 AND
2 1 566 567 568 LOR
2 1 117 147 569 XOR
2 1 569 568 570 XOR
2 1 117 147 571 AND
2 1 569 568 572 AND
2 1 571 572 573 LOR
2 1 116 146 574 XOR
2 1 574 573 575 XOR
2 1 116 146 576 AND
2 1 574 573 577 AND
2 1 576 577 578 LOR
2 1 115 145 579 XOR
2 1 579 578 580 XOR
2 1 115 145 581 AND
2 1 579 578 582 AND
2 1 581 582 583 LOR
2 1 114 144 584 XOR
2 1 584 583 585 XOR
2 1 114 144 586 AND
2 1 584 583 587 AND
2 1 586 587 588 LOR
2 1 113 143 589 XOR
2 1 589 588 590 XOR
2 1 113 143 591 AND
2 1 589 588 592 AND
2 1 591 592 593 LOR
2 1 112 142 594 XOR
2 1 594 593 595 XOR
2 1 112 142 596 AND
2 1 594 593 597 AND
2 1 596 597 598 LOR
2 1 111 141 599 XOR
2 1 599 598 600 XOR
2 1 111 141 601 AND
2 1 599 598 602 AND
2 1 601 602 603 LOR
2 1 110 140 604 XOR
2 1 604 603 605 XOR
2 1 110 140 606 AND
2 1 604 603 607 AND
2 1 606 607 608 LOR
2 1 109 139 609 XOR
2 1 609 608 610 XOR
2 1 109 139 611 AND
2 1 609 608 612 AND
2 1 611 612 613 LOR
2 1 108 138 614 XOR
2 1 614 613 615 XOR
2 1 108 138 616 AND
2 1 614 613 617 AND
2 1 616 617 618 LOR
2 1 107 137 619 XOR
2 1 619 618 620 XOR
2 1 107 137 621 AND
2 1 619 618 622 AND
2 1 621 622 623 LOR
2 1 106 136 624 XOR
2 1 624 623 625 XOR
2 1 106 136 626 AND
2 1 624 623 627 AND
2 1 626 627 628 LOR
2 1 105 135 629 XOR
2 1 629 628 630 XOR
2 1 105 135 631 AND
2 1 629 628 632 AND
2 1 631 632 633 LOR
2 1 104 134 634 XOR
2 1 634 633 635 XOR
2 1 104 134 636 AND
2 1 634 633 637 AND
2 1 636 637 638 LOR
2 1 103 133 639 XOR
2 1 639 638 640 XOR
2 1 103 133 641 AND
2 1 639 638 642 AND
2 1 641 642 643 LOR
2 1 102 132 644 XOR
2 1 644 643 645 XOR
2 1 102 132 646 AND
2 1 644 643 647 AND
2 1 646 647 648 LOR
2 1 101 131 649 XOR
2 1 649 648 650 XOR
2 1 101 131 651 AND
2 1 649 648 652 AND
2 1 651 652 653 LOR
2 1 100 130 654 XOR
2 1 654 653 655 XOR
2 1 100 130 656 AND
2 1 654 653 657 AND
2 1 656 657 658 LOR
2 1 99 129 659 XOR
2 1 659 658 660 XOR
2 1 99 129 661 AND
2 1 659 658 662 AND
2 1 661 662 663 LOR
2 1 98 128 664 XOR
2 1 664 663 665 XOR
2 1 98 128 666 AND
2 1 664 663 667 AND
2 1 666 667 668 LOR
2 1 97 127 669 XOR
2 1 669 668 670 XOR
2 1 97 127 671 AND
2 1 669 668 672 AND
2 1 671 672 673 LOR
2 1 96 126 674 XOR
2 1 674 673 675 XOR
2 1 96 126 676 AND
2 1 674 673 677 AND
2 1 676 677 678 LOR
2 1 95 125 679 XOR
2 1 679 678 680 XOR
2 1 95 125 681 AND
2 1 679 678 682 AND
2 1 681 682 683 LOR
2 1 94 124 684 XOR
2 1 684 683 685 XOR
2 1 94 124 686 AND
2 1 684 683 687 AND
2 1 686 687 688 LOR
2 1 93 123 689 XOR
2 1 689 688 690 XOR
2 1 93 123 691 AND
2 1 689 688 692 AND
2 1 691 692 693 LOR
2 1 92 122 694 XOR
2 1 694 693 695 XOR
2 1 91 121 696 AND
2 1 90 557 697 XOR
2 1 90 557 698 AND
2 1 697 696 699 AND
2 1 698 699 700 LOR
2 1 89 560 701 XOR
2 1 701 700 702 XOR
2 1 89 560 703 AND
2 1 701 700 704 AND
2 1 703 704 705 LOR
2 1 88 565 706 XOR
2 1 706 705 707 XOR
2 1 88 565 708 AND
2 1 706 705 709 AND
2 1 708 709 710 LOR
2 1 87 570 711 XOR
2 1 711 710 712 XOR
2 1 87 570 713 AND
2 1 711 710 714 AND
2 1 713 714 715 LOR
2 1 86 575 716 XOR
2 1 716 715 717 XOR
2 1 86 575 718 AND
2 1 716 715 719 AND
2 1 718 719 720 LOR
2 1 85 580 721 XOR
2 1 721 720 722 XOR
2 1 85 580 723 AND
2 1 721 720 724 AND
2 1 723 724 725 LOR
2 1 84 585 726 XOR
2 1 726 725 727 XOR
2 1 84 585 728 AND
2 1 726 725 729 AND
2 1 728 729 730 LOR
2 1 83 590 731 XOR
2 1 731 730 732 XOR
2 1 83 590 733 AND
2 1 731 730 734 AND
2 1 733 734 735 LOR
2 1 82 595 736 XOR
2 1 736 735 737 XOR
2 1 82 595 738 AND
2 1 736 735 739 AND
2 1 738 739 740 LOR
2 1 81 600 741 XOR
2 1 741 740 742 XOR
2 1 81 600 743 AND
2 1 741 740 744 AND
2 1 743 744 745 LOR
2 1 80 605 746 XOR
2 1 746 745 747 XOR
2 1 80 605 748 AND
2 1 746 745 749 AND
2 1 748 749 750 LOR
2 1 79 610 751 XOR
2 1 751 750 752 XOR
2 1 79 610 753 AND
2 1 751 750 754 AND
2 1 753 754 755 LOR
2 1 78 615 756 XOR
2 1 756 755 757 XOR
2 1 78 615 758 AND
2 1 756 755 759 AND
2 1 758 759 760 LOR
2 1 77 620 761 XOR
2 1 761 760 762 XOR
2 1 77 620 763 AND
2 1 761 760 764 AND
2 1 763 764 765 LOR
2 1 76 625 766 XOR
2 1 766 765 767 XOR
2 1 76 625 768 AND
2 1 766 765 769 AND
2 1 768 769 770 LOR
2 1 75 630 771 XOR
2 1 771 770 772 XOR
2 1 75 630 773 AND
2 1 771 770 774 AND
2 1 773 774 775 LOR
2 1 74 635 776 XOR
2 1 776 775 777 XOR
2 1 74 635 778 AND
2 1 776 775 779 AND
2 1 778 779 780 LOR
2 1 73 640 781 XOR
2 1 781 780 782 XOR
2 1 73 640 783 AND
2 1 781 780 784 AND
2 1 783 784 785 LOR
2 1 72 645 786 XOR
2 1 786 785 787 XOR
2 1 72 645 788 AND
2 1 786 785 789 AND
2 1 788 789 790 LOR
2 1 71 650 791 XOR
2 1 791 790 792 XOR
2 1 71 650 793 AND
2 1 791 790 794 AND
2 1 793 794 795 LOR
2 1 70 655 796 XOR
2 1 796 795 797 XOR
2 1 70 655 798 AND
2 1 796 795 799 AND
2 1 798 799 800 LOR
2 1 69 660 801 XOR
2 1 801 800 802 XOR
2 1 69 660 803 AND
2 1 801 800 804 AND
2 1 803 804 805 LOR
2 1 68 665 806 XOR
2 1 806 805 807 XOR
2 1 68 665 808 AND
2 1 806 805 809 AND
2 1 808 809 810 LOR
2 1 67 670 811 XOR
2 1 811 810 812 XOR
2 1 67 670 813 AND
2 1 811 810 814 AND
2 1 813 814 815 LOR
2 1 66 675 816 XOR
2 1 816 815 817 XOR
2 1 66 675 818 AND
2 1 816 815 819 AND
2 1 818 819 820 LOR
2 1 65 680 821 XOR
2 1 821 820 822 XOR
2 1 65 680 823 AND
2 1 821 820 824 AND
2 1 823 824 825 LOR
2 1 64 685 826 XOR
2 1 826 825 827 XOR
2 1 64 685 828 AND
2 1 826 825 829 AND
2 1 828 829 830 LOR
2 1 63 690 831 XOR
2 1 831 830 832 XOR
2 1 63 690 833 AND
2 1 831 830 834 AND
2 1 833 834 835 LOR
2 1 62 695 836 XOR
2 1 836 835 837 XOR
2 1 177 205 838 XOR
2 1 177 205 839 AND
2 1 176 204 840 XOR
2 1 840 839 841 XOR
2 1 176 204 842 AND
2 1 840 839 843 AND
2 1 842 843 844 LOR
2 1 175 203 845 XOR
2 1 845 844 846 XOR
2 1 175 203 847 AND
2 1 845 844 848 AND
2 1 847 848 849 LOR
2 1 174 202 850 XOR
2 1 850 849 851 XOR
2 1 174 202 852 AND
2 1 850 849 853 AND
2 1 852 853 854 LOR
2 1 173 201 855 XOR
2 1 855 854 856 XOR
2 1 173 201 857 AND
2 1 855 854 858 AND
2 1 857 858 859 LOR
2 1 172 200 860 XOR
2 1 860 859 861 XOR
2 1 172 200 862 AND
2 1 860 859 863 AND
2 1 862 863 864 LOR
2 1 171 199 865 XOR
2 1 865 864 866 XOR
2 1 171 199 867 AND
2 1 865 864 868 AND
2 1 867 868 869 LOR
2 1 170 198 870 XOR
2 1 870 869 871 XOR
2 1 170 198 872 AND
2 1 870 869 873 AND
2 1 872 873 874 LOR
2 1 169 197 875 XOR
2 1 875 874 876 XOR
2 1 169 197 877 AND
2 1 875 874 878 AND
2 1 877 878 879 LOR
2 1 168 196 880 XOR
2 1 880 879 881 XOR
2 1 168 196 882 AND
2 1 880 879 883 AND
2 1 882 883 884 LOR
2 1 167 195 885 XOR
2 1 885 884 886 XOR
2 1 167 195 887 AND
2 1 885 884 888 AND
2 1 887 888 889 LOR
2 1 166 194 890 XOR
2 1 890 889 891 XOR
2 1 166 194 892 AND
2 1 890 889 893 AND
2 1 892 893 894 LOR
2 1 165 193 895 XOR
2 1 895 894 896 XOR
2 1 165 193 897 AND
2 1 895 894 898 AND
2 1 897 898 899 LOR
2 1 164 192 900 XOR
2 1 900 899 901 XOR
2 1 164 192 902 AND
2 1 900 899 903 AND
2 1 902 903 904 LOR
2 1 163 191 905 XOR
2 1 905 904 906 XOR
2 1 163 191 907 AND
2 1 905 904 908 AND
2 1 907 908 909 LOR
2 1 162 190 910 XOR
2 1 910 909 911 XOR
2 1 162 190 912 AND
2 1 910 909 913 AND
2 1 912 913 914 LOR
2 1 161 189 915 XOR
2 1 915 914 916 XOR
2 1 161 189 917 AND
2 1 915 914 918 AND
2 1 917 918 919 LOR
2 1 160 188 920 XOR
2 1 920 919 921 XOR
2 1 160 188 922 AND
2 1 920 919 923 AND
2 1 922 923 924 LOR
2 1 159 187 925 XOR
2 1 925 924 926 XOR
2 1 159 187 927 AND
2 1 925 924 928 AND
2 1 927 928 929 LOR
2 1 158 186 930 XOR
2 1 930 929 931 XOR
2 1 158 186 932 AND
2 1 930 929 933 AND
2 1 932 933 934 LOR
2 1 157 185 935 XOR
2 1 935 934 936 XOR
2 1 157 185 937 AND
2 1 935 934 938 AND
2 1 937 938 939 LOR
2 1 156 184 940 XOR
2 1 940 939 941 XOR
2 1 156 184 942 AND
2 1 940 939 943 AND
2 1 942 943 944 LOR
2 1 155 183 945 XOR
2 1 945 944 946 XOR
2 1 155 183 947 AND
2 1 945 944 948 AND
2 1 947 948 949 LOR
2 1 154 182 950 XOR
2 1 950 949 951 XOR
2 1 154 182 952 AND
2 1 950 949 953 AND
2 1 952 953 954 LOR
2 1 153 181 955 XOR
2 1 955 954 956 XOR
2 1 153 181 957 AND
2 1 955 954 958 AND
2 1 957 958 959 LOR
2 1 152 180 960 XOR
2 1 960 959 961 XOR
2 1 152 180 962 AND
2 1 960 959 963 AND
2 1 962 963 964 LOR
2 1 151 179 965 XOR
2 1 965 964 966 XOR
2 1 230 256 967 XOR
2 1 230 256 968 AND
2 1 229 255 969 XOR
2 1 969 968 970 XOR
2 1 229 255 971 AND
2 1 969 968 972 AND
2 1 971 972 973 LOR
2 1 228 254 974 XOR
2 1 974 973 975 XOR
2 1 228 254 976 AND
2 1 974 973 977 AND
2 1 976 977 978 LOR
2 1 227 253 979 XOR
2 1 979 978 980 XOR
2 1 227 253 981 AND
2 1 979 978 982 AND
2 1 981 982 983 LOR
2 1 226 252 984 XOR
2 1 984 983 985 XOR
2 1 226 252 986 AND
2 1 984 983 987 AND
2 1 986 987 988 LOR
2 1 225 251 989 XOR
2 1 989 988 990 XOR
2 1 225 251 991 AND
2 1 989 988 992 AND
2 1 991 992 993 LOR
2 1 224 250 994 XOR
2 1 994 993 995 XOR
2 1 224 250 996 AND
2 1 994 993 997 AND
2 1 996 997 998 LOR
2 1 223 249 999 XOR
2 1 999 998 1000 XOR
2 1 223 249 1001 AND
2 1 999 998 1002 AND
2 1 1001 1002 1003 LOR
2 1 222 248 1004 XOR
2 1 1004 1003 1005 XOR
2 1 222 248 1006 AND
2 1 1004 1003 1007 AND
2 1 1006 1007 1008 LOR
2 1 221 247 1009 XOR
2 1 1009 1008 1010 XOR
2 1 221 247 1011 AND
2 1 1009 1008 1012 AND
2 1 1011 1012 1013 LOR
2 1 220 246 1014 XOR
2 1 1014 1013 1015 XOR
2 1 220 246 1016 AND
2 1 1014 1013 1017 AND
2 1 1016 1017 1018 LOR
2 1 219 245 1019 XOR
2 1 1019 1018 1020 XOR
2 1 219 245 1021 AND
2 1 1019 1018 1022 AND
2 1 1021 1022 1023 LOR
2 1 218 244 1024 XOR
2 1 1024 1023 1025 XOR
2 1 218 244 1026 AND
2 1 1024 1023 1027 AND
2 1 1026 1027 1028 LOR
2 1 217 243 1029 XOR
2 1 1029 1028 1030 XOR
2 1 217 243 1031 AND
2 1 1029 1028 1032 AND
2 1 1031 1032 1033 LOR
2 1 216 242 1034 XOR
2 1 1034 1033 1035 XOR
2 1 216 242 1036 AND
2 1 1034 1033 1037 AND
2 1 1036 1037 1038 LOR
2 1 215 241 1039 XOR
2 1 1039 1038 1040 XOR
2 1 215 241 1041 AND
2 1 1039 1038 1042 AND
2 1 1041 1042 1043 LOR
2 1 214 240 1044 XOR
2 1 1044 1043 1045 XOR
2 1 214 240 1046 AND
2 1 1044 1043 1047 AND
2 1 1046 1047 1048 LOR
2 1 213 239 1049 XOR
2 1 1049 1048 1050 XOR
2 1 213 239 1051 AND
2 1 1049 1048 1052 AND
2 1 1051 1052 1053 LOR
2 1 212 238 1054 XOR
2 1 1054 1053 1055 XOR
2 1 212 238 1056 AND
2 1 1054 1053 1057 AND
2 1 1056 1057 1058 LOR
2 1 211 237 1059 XOR
2 1 1059 1058 1060 XOR
2 1 211 237 1061 AND
2 1 1059 1058 1062 AND
2 1 1061 1062 1063 LOR
2 1 210 236 1064 XOR
2 1 1064 1063 1065 XOR
2 1 210 236 1066 AND
2 1 1064 1063 1067 AND
2 1 1066 1067 1068 LOR
2 1 209 235 1069 XOR
2 1 1069 1068 1070 XOR
2 1 209 235 1071 AND
2 1 1069 1068 1072 AND
2 1 1071 1072 1073 LOR
2 1 208 234 1074 XOR
2 1 1074 1073 1075 XOR
2 1 208 234 1076 AND
2 1 1074 1073 1077 AND
2 1 1076 1077 1078 LOR
2 1 207 233 1079 XOR
2 1 1079 1078 1080 XOR
2 1 207 233 1081 AND
2 1 1079 1078 1082 AND
2 1 1081 1082 1083 LOR
2 1 206 232 1084 XOR
2 1 1084 1083 1085 XOR
2 1 841 231 1086 XOR
2 1 841 231 1087 AND
2 1 846 967 1088 XOR
2 1 1088 1087 1089 XOR
2 1 846 967 1090 AND
2 1 1088 1087 1091 AND
2 1 1090 1091 1092 LOR
2 1 851 970 1093 XOR
2 1 1093 1092 1094 XOR
2 1 851 970 1095 AND
2 1 1093 1092 1096 AND
2 1 1095 1096 1097 LOR
2 1 856 975 1098 XOR
2 1 1098 1097 1099 XOR
2 1 856 975 1100 AND
2 1 1098 1097 1101 AND
2 1 1100 1101 1102 LOR
2 1 861 980 1103 XOR
2 1 1103 1102 1104 XOR
2 1 861 980 1105 AND
2 1 1103 1102 1106 AND
2 1 1105 1106 1107 LOR
2 1 866 985 1108 XOR
2 1 1108 1107 1109 XOR
2 1 866 985 1110 AND
2 1 1108 1107 1111 AND
2 1 1110 1111 1112 LOR
2 1 871 990 1113 XOR
2 1 1113 1112 1114 XOR
2 1 871 990 1115 AND
2 1 1113 1112 1116 AND
2 1 1115 1116 1117 LOR
2 1 876 995 1118 XOR
2 1 1118 1117 1119 XOR
2 1 876 995 1120 AND
2 1 1118 1117 1121 AND
2 1 1120 1121 1122 LOR
2 1 881 1000 1123 XOR
2 1 1123 1122 1124 XOR
2 1 881 1000 1125 AND
2 1 1123 1122 1126 AND
2 1 1125 1126 1127 LOR
2 1 886 1005 1128 XOR
2 1 1128 1127 1129 XOR
2 1 886 1005 1130 AND
2 1 1128 1127 1131 AND
2 1 1130 1131 1132 LOR
2 1 891 1010 1133 XOR
2 1 1133 1132 1134 XOR
2 1 891 1010 1135 AND
2 1 1133 1132 1136 AND
2 1 1135 1136 1137 LOR
2 1 896 1015 1138 XOR
2 1 1138 1137 1139 XOR
2 1 896 1015 1140 AND
2 1 1138 1137 1141 AND
2 1 1140 1141 1142 LOR
2 1 901 1020 1143 XOR
2 1 1143 1142 1144 XOR
2 1 901 1020 1145 AND
2 1 1143 1142 1146 AND
2 1 1145 1146 1147 LOR
2 1 906 1025 1148 XOR
2 1 1148 1147 1149 XOR
2 1 906 1025 1150 AND
2 1 1148 1147 1151 AND
2 1 1150 1151 1152 LOR
2 1 911 1030 1153 XOR
2 1 1153 1152 1154 XOR
2 1 911 1030 1155 AND
2 1 1153 1152 1156 AND
2 1 1155 1156 1157 LOR
2 1 916 1035 1158 XOR
2 1 1158 1157 1159 XOR
2 1 916 1035 1160 AND
2 1 1158 1157 1161 AND
2 1 1160 1161 1162 LOR
2 1 921 1040 1163 XOR
2 1 1163 1162 1164 XOR
2 1 921 1040 1165 AND
2 1 1163 1162 1166 AND
2 1 1165 1166 1167 LOR
2 1 926 1045 1168 XOR
2 1 1168 1167 1169 XOR
2 1 926 1045 1170 AND
2 1 1168 1167 1171 AND
2 1 1170 1171 1172 LOR
2 1 931 1050 1173 XOR
2 1 1173 1172 1174 XOR
2 1 931 1050 1175 AND
2 1 1173 1172 1176 AND
2 1 1175 1176 1177 LOR
2 1 936 1055 1178 XOR
2 1 1178 1177 1179 XOR
2 1 936 1055 1180 AND
2 1 1178 1177 1181 AND
2 1 1180 1181 1182 LOR
2 1 941 1060 1183 XOR
2 1 1183 1182 1184 XOR
2 1 941 1060 1185 AND
2 1 1183 1182 1186 AND
2 1 1185 1186 1187 LOR
2 1 946 1065 1188 XOR
2 1 1188 1187 1189 XOR
2 1 946 1065 1190 AND
2 1 1188 1187 1191 AND
2 1 1190 1191 1192 LOR
2 1 951 1070 1193 XOR
2 1 1193 1192 1194 XOR
2 1 951 1070 1195 AND
2 1 1193 1192 1196 AND
2 1 1195 1196 1197 LOR
2 1 956 1075 1198 XOR
2 1 1198 1197 1199 XOR
2 1 956 1075 1200 AND
2 1 1198 1197 1201 AND
2 1 1200 1201 1202 LOR
2 1 961 1080 1203 XOR
2 1 1203 1202 1204 XOR
2 1 961 1080 1205 AND
2 1 1203 1202 1206 AND
2 1 1205 1206 1207 LOR
2 1 966 1085 1208 XOR
2 1 1208 1207 1209 XOR
2 1 702 178 1210 AND
2 1 707 838 1211 XOR
2 1 707 838 1212 AND
2 1 1211 1210 1213 AND
2 1 1212 1213 1214 LOR
2 1 712 1086 1215 XOR
2 1 712 1086 1216 AND
2 1 1215 1214 1217 AND
2 1 1216 1217 1218 LOR
2 1 717 1089 1219 XOR
2 1 717 1089 1220 AND
2 1 1219 1218 1221 AND
2 1 1220 1221 1222 LOR
2 1 722 1094 1223 XOR
2 1 1223 1222 1224 XOR
2 1 722 1094 1225 AND
2 1 1223 1222 1226 AND
2 1 1225 1226 1227 LOR
2 1 727 1099 1228 XOR
2 1 1228 1227 1229 XOR
2 1 727 1099 1230 AND
2 1 1228 1227 1231 AND
2 1 1230 1231 1232 LOR
2 1 732 1104 1233 XOR
2 1 1233 1232 1234 XOR
2 1 732 1104 1235 AND
2 1 1233 1232 1236 AND
2 1 1235 1236 1237 LOR
2 1 737 1109 1238 XOR
2 1 1238 1237 1239 XOR
2 1 737 1109 1240 AND
2 1 1238 1237 1241 AND
2 1 1240 1241 1242 LOR
2 1 742 1114 1243 XOR
2 1 1243 1242 1244 XOR
2 1 742 1114 1245 AND
2 1 1243 1242 1246 AND
2 1 1245 1246 1247 LOR
2 1 747 1119 1248 XOR
2 1 1248 1247 1249 XOR
2 1 747 1119 1250 AND
2 1 1248 1247 1251 AND
2 1 1250 1251 1252 LOR
2 1 752 1124 1253 XOR
2 1 1253 1252 1254 XOR
2 1 752 1124 1255 AND
2 1 1253 1252 1256 AND
2 1 1255 1256 1257 LOR
2 1 757 1129 1258 XOR
2 1 1258 1257 1259 XOR
2 1 757 1129 1260 AND
2 1 1258 1257 1261 AND
2 1 1260 1261 1262 LOR
2 1 762 1134 1263 XOR
2 1 1263 1262 1264 XOR
2 1 762 1134 1265 AND
2 1 1263 1262 1266 AND
2 1 1265 1266 1267 LOR
2 1 767 1139 1268 XOR
2 1 1268 1267 1269 XOR
2 1 767 1139 1270 AND
2 1 1268 1267 1271 AND
2 1 1270 1271 1272 LOR
2 1 772 1144 1273 XOR
2 1 1273 1272 1274 XOR
2 1 772 1144 1275 AND
2 1 1273 1272 1276 AND
2 1 1275 1276 1277 LOR
2 1 777 1149 1278 XOR
2 1 1278 1277 1279 XOR
2 1 777 1149 1280 AND
2 1 1278 1277 1281 AND
2 1 1280 1281 1282 LOR
2 1 782 1154 1283 XOR
2 1 1283 1282 1284 XOR
2 1 782 1154 1285 AND
2 1 1283 1282 1286 AND
2 1 1285 1286 1287 LOR
2 1 787 1159 1288 XOR
2 1 1288 1287 1289 XOR
2 1 787 1159 1290 AND
2 1 1288 1287 1291 AND
2 1 1290 1291 1292 LOR
2 1 792 1164 1293 XOR
2 1 1293 1292 1294 XOR
2 1 792 1164 1295 AND
2 1 1293 1292 1296 AND
2 1 1295 1296 1297 LOR
2 1 797 1169 1298 XOR
2 1 1298 1297 1299 XOR
2 1 797 1169 1300 AND
2 1 1298 1297 1301 AND
2 1 1300 1301 1302 LOR
2 1 802 1174 1303 XOR
2 1 1303 1302 1304 XOR
2 1 802 1174 1305 AND
2 1 1303 1302 1306 AND
2 1 1305 1306 1307 LOR
2 1 807 1179 1308 XOR
2 1 1308 1307 1309 XOR
2 1 807 1179 1310 AND
2 1 1308 1307 1311 AND
2 1 1310 1311 1312 LOR
2 1 812 1184 1313 XOR
2 1 1313 1312 1314 XOR
2 1 812 1184 1315 AND
2 1 1313 1312 1316 AND
2 1 1315 1316 1317 LOR
2 1 817 1189 1318 XOR
2 1 1318 1317 1319 XOR
2 1 817 1189 1320 AND
2 1 1318 1317 1321 AND
2 1 1320 1321 1322 LOR
2 1 822 1194 1323 XOR
2 1 1323 1322 1324 XOR
2 1 822 1194 1325 AND
2 1 1323 1322 1326 AND
2 1 1325 1326 1327 LOR
2 1 827 1199 1328 XOR
2 1 1328 1327 1329 XOR
2 1 827 1199 1330 AND
2 1 1328 1327 1331 AND
2 1 1330 1331 1332 LOR
2 1 832 1204 1333 XOR
2 1 1333 1332 1334 XOR
2 1 832 1204 1335 AND
2 1 1333 1332 1336 AND
2 1 1335 1336 1337 LOR
2 1 837 1209 1338 XOR
2 1 1338 1337 1339 XOR
2 1 279 303 1340 XOR
2 1 279 303 1341 AND
2 1 278 302 1342 XOR
2 1 1342 1341 1343 XOR
2 1 278 302 1344 AND
2 1 1342 1341 1345 AND
2 1 1344 1345 1346 LOR
2 1 277 301 1347 XOR
2 1 1347 1346 1348 XOR
2 1 277 301 1349 AND
2 1 1347 1346 1350 AND
2 1 1349 1350 1351 LOR
2 1 276 300 1352 XOR
2 1 1352 1351 1353 XOR
2 1 276 300 1354 AND
2 1 1352 1351 1355 AND
2 1 1354 1355 1356 LOR
2 1 275 299 1357 XOR
2 1 1357 1356 1358 XOR
2 1 275 299 1359 AND
2 1 1357 1356 1360 AND
2 1 1359 1360 1361 LOR
2 1 274 298 1362 XOR
2 1 1362 1361 1363 XOR
2 1 274 298 1364 AND
2 1 1362 1361 1365 AND
2 1 1364 1365 1366 LOR
2 1 273 297 1367 XOR
2 1 1367 1366 1368 XOR
2 1 273 297 1369 AND
2 1 1367 1366 1370 AND
2 1 1369 1370 1371 LOR
2 1 272 296 1372 XOR
2 1 1372 1371 1373 XOR
2 1 272 296 1374 AND
2 1 1372 1371 1375 AND
2 1 1374 1375 1376 LOR
2 1 271 295 1377 XOR
2 1 1377 1376 1378 XOR
2 1 271 295 1379 AND
2 1 1377 1376 1380 AND
2 1 1379 1380 1381 LOR
2 1 270 294 1382 XOR
2 1 1382 1381 1383 XOR
2 1 270 294 1384 AND
2 1 1382 1381 1385 AND
2 1 1384 1385 1386 LOR
2 1 269 293 1387 XOR
2 1 1387 1386 1388 XOR
2 1 269 293 1389 AND
2 1 1387 1386 1390 AND
2 1 1389 1390 1391 LOR
2 1 268 292 1392 XOR
2 1 1392 1391 1393 XOR
2 1 268 292 1394 AND
2 1 1392 1391 1395 AND
2 1 1394 1395 1396 LOR
2 1 267 291 1397 XOR
2 1 1397 1396 1398 XOR
2 1 267 291 1399 AND
2 1 1397 1396 1400 AND
2 1 1399 1400 1401 LOR
2 1 266 290 1402 XOR
2 1 1402 1401 1403 XOR
2 1 266 290 1404 AND
2 1 1402 1401 1405 AND
2 1 1404 1405 1406 LOR
2 1 265 289 1407 XOR
2 1 1407 1406 1408 XOR
2 1 265 289 1409 AND
2 1 1407 1406 1410 AND
2 1 1409 1410 1411 LOR
2 1 264 288 1412 XOR
2 1 1412 1411 1413 XOR
2 1 264 288 1414 AND
2 1 1412 1411 1415 AND
2 1 1414 1415 1416 LOR
2 1 263 287 1417 XOR
2 1 1417 1416 1418 XOR
2 1 263 287 1419 AND
2 1 1417 1416 1420 AND
2 1 1419 1420 1421 LOR
2 1 262 286 1422 XOR
2 1 1422 1421 1423 XOR
2 1 262 286 1424 AND
2 1 1422 1421 1425 AND
2 1 1424 1425 1426 LOR
2 1 261 285 1427 XOR
2 1 1427 1426 1428 XOR
2 1 261 285 1429 AND
2 1 1427 1426 1430 AND
2 1 1429 1430 1431 LOR
2 1 260 284 1432 XOR
2 1 1432 1431 1433 XOR
2 1 260 284 1434 AND
2 1 1432 1431 1435 AND
2 1 1434 1435 1436 LOR
2 1 259 283 1437 XOR
2 1 1437 1436 1438 XOR
2 1 259 283 1439 AND
2 1 1437 1436 1440 AND
2 1 1439 1440 1441 LOR
2 1 258 282 1442 XOR
2 1 1442 1441 1443 XOR
2 1 258 282 1444 AND
2 1 1442 1441 1445 AND
2 1 1444 1445 1446 LOR
2 1 257 281 1447 XOR
2 1 1447 1446 1448 XOR
2 1 324 346 1449 XOR
2 1 324 346 1450 AND
2 1 323 345 1451 XOR
2 1 1451 1450 1452 XOR
2 1 323 345 1453 AND
2 1 1451 1450 1454 AND
2 1 1453 1454 1455 LOR
2 1 322 344 1456 XOR
2 1 1456 1455 1457 XOR
2 1 322 344 1458 AND
2 1 1456 1455 1459 AND
2 1 1458 1459 1460 LOR
2 1 321 343 1461 XOR
2 1 1461 1460 1462 XOR
2 1 321 343 1463 AND
2 1 1461 1460 1464 AND
2 1 1463 1464 1465 LOR
2 1 320 342 1466 XOR
2 1 1466 1465 1467 XOR
2 1 320 342 1468 AND
2 1 1466 1465 1469 AND
2 1 1468 1469 1470 LOR
2 1 319 341 1471 XOR
2 1 1471 1470 1472 XOR
2 1 319 341 1473 AND
2 1 1471 1470 1474 AND
2 1 1473 1474 1475 LOR
2 1 318 340 1476 XOR
2 1 1476 1475 1477 XOR
2 1 318 340 1478 AND
2 1 1476 1475 1479 AND
2 1 1478 1479 1480 LOR
2 1 317 339 1481 XOR
2 1 1481 1480 1482 XOR
2 1 317 339 1483 AND
2 1 1481 1480 1484 AND
2 1 1483 1484 1485 LOR
2 1 316 338 1486 XOR
2 1 1486 1485 1487 XOR
2 1 316 338 1488 AND
2 1 1486 1485 1489 AND
2 1 1488 1489 1490 LOR
2 1 315 337 1491 XOR
2 1 1491 1490 1492 XOR
2 1 315 337 1493 AND
2 1 1491 1490 1494 AND
2 1 1493 1494 1495 LOR
2 1 314 336 1496 XOR
2 1 1496 1495 1497 XOR
2 1 314 336 1498 AND
2 1 1496 1495 1499 AND
2 1 1498 1499 1500 LOR
2 1 313 335 1501 XOR
2 1 1501 1500 1502 XOR
2 1 313 335 1503 AND
2 1 1501 1500 1504 AND
2 1 1503 1504 1505 LOR
2 1 312 334 1506 XOR
2 1 1506 1505 1507 XOR
2 1 312 334 1508 AND
2 1 1506 1505 1509 AND
2 1 1508 1509 1510 LOR
2 1 311 333 1511 XOR
2 1 1511 1510 1512 XOR
2 1 311 333 1513 AND
2 1 1511 1510 1514 AND
2 1 1513 1514 1515 LOR
2 1 310 332 1516 XOR
2 1 1516 1515 1517 XOR
2 1 310 332 1518 AND
2 1 1516 1515 1519 AND
2 1 1518 1519 1520 LOR
2 1 309 331 1521 XOR
2 1 1521 1520 1522 XOR
2 1 309 331 1523 AND
2 1 1521 1520 1524 AND
2 1 1523 1524 1525 LOR
2 1 308 330 1526 XOR
2 1 1526 1525 1527 XOR
2 1 308 330 1528 AND
2 1 1526 1525 1529 AND
2 1 1528 1529 1530 LOR
2 1 307 329 1531 XOR
2 1 1531 1530 1532 XOR
2 1 307 329 1533 AND
2 1 1531 1530 1534 AND
2 1 1533 1534 1535 LOR
2 1 306 328 1536 XOR
2 1 1536 1535 1537 XOR
2 1 306 328 1538 AND
2 1 1536 1535 1539 AND
2 1 1538 1539 1540 LOR
2 1 305 327 1541 XOR
2 1 1541 1540 1542 XOR
2 1 305 327 1543 AND
2 1 1541 1540 1544 AND
2 1 1543 1544 1545 LOR
2 1 304 326 1546 XOR
2 1 1546 1545 1547 XOR
2 1 1343 325 1548 XOR
2 1 1343 325 1549 AND
2 1 1348 1449 1550 XOR
2 1 1550 1549 1551 XOR
2 1 1348 1449 1552 AND
2 1 1550 1549 1553 AND
2 1 1552 1553 1554 LOR
2 1 1353 1452 1555 XOR
2 1 1555 1554 1556 XOR
2 1 1353 1452 1557 AND
2 1 1555 1554 1558 AND
2 1 1557 1558 1559 LOR
2 1 1358 1457 1560 XOR
2 1 1560 1559 1561 XOR
2 1 1358 1457 1562 AND
2 1 1560 1559 1563 AND
2 1 1562 1563 1564 LOR
2 1 1363 1462 1565 XOR
2 1 1565 1564 1566 XOR
2 1 1363 1462 1567 AND
2 1 1565 1564 1568 AND
2 1 1567 1568 1569 LOR
2 1 1368 1467 1570 XOR
2 1 1570 1569 1571 XOR
2 1 1368 1467 1572 AND
2 1 1570 1569 1573 AND
2 1 1572 1573 1574 LOR
2 1 1373 1472 1575 XOR
2 1 1575 1574 1576 XOR
2 1 1373 1472 1577 AND
2 1 1575 1574 1578 AND
2 1 1577 1578 1579 LOR
2 1 1378 1477 1580 XOR
2 1 1580 1579 1581 XOR
2 1 1378 1477 1582 AND
2 1 1580 1579 1583 AND
2 1 1582 1583 1584 LOR
2 1 1383 1482 1585 XOR
2 1 1585 1584 1586 XOR
2 1 1383 1482 1587 AND
2 1 1585 1584 1588 AND
2 1 1587 1588 1589 LOR
2 1 1388 1487 1590 XOR
2 1 1590 1589 1591 XOR
2 1 1388 1487 1592 AND
2 1 1590 1589 1593 AND
2 1 1592 1593 1594 LOR
2 1 1393 1492 1595 XOR
2 1 1595 1594 1596 XOR
2 1 1393 1492 1597 AND
2 1 1595 1594 1598 AND
2 1 1597 1598 1599 LOR
2 1 1398 1497 1600 XOR
2 1 1600 1599 1601 XOR
2 1 1398 1497 1602 AND
2 1 1600 1599 1603 AND
2 1 1602 1603 1604 LOR
2 1 1403 1502 1605 XOR
2 1 1605 1604 1606 XOR
2 1 1403 1502 1607 AND
2 1 1605 1604 1608 AND
2 1 1607 1608 1609 LOR
2 1 1408 1507 1610 XOR
2 1 1610 1609 1611 XOR
2 1 1408 1507 1612 AND
2 1 1610 1609 1613 AND
2 1 1612 1613 1614 LOR
2 1 1413 1512 1615 XOR
2 1 1615 1614 1616 XOR
2 1 1413 1512 1617 AND
2 1 1615 1614 1618 AND
2 1 1617 1618 1619 LOR
2 1 1418 1517 1620 XOR
2 1 1620 1619 1621 XOR
2 1 1418 1517 1622 AND
2 1 1620 1619 1623 AND
2 1 1622 1623 1624 LOR
2 1 1423 1522 1625 XOR
2 1 1625 1624 1626 XOR
2 1 1423 1522 1627 AND
2 1 1625 1624 1628 AND
2 1 1627 1628 1629 LOR
2 1 1428 1527 1630 XOR
2 1 1630 1629 1631 XOR
2 1 1428 1527 1632 AND
2 1 1630 1629 1633 AND
2 1 1632 1633 1634 LOR
2 1 1433 1532 1635 XOR
2 1 1635 1634 1636 XOR
2 1 1433 1532 1637 AND
2 1 1635 1634 1638 AND
2 1 1637 1638 1639 LOR
2 1 1438 1537 1640 XOR
2 1 1640 1639 1641 XOR
2 1 1438 1537 1642 AND
2 1 1640 1639 1643 AND
2 1 1642 1643 1644 LOR
2 1 1443 1542 1645 XOR
2 1 1645 1644 1646 XOR
2 1 1443 1542 1647 AND
2 1 1645 1644 1648 AND
2 1 1647 1648 1649 LOR
2 1 1448 1547 1650 XOR
2 1 1650 1649 1651 XOR
2 1 365 385 1652 XOR
2 1 365 385 1653 AND
2 1 364 384 1654 XOR
2 1 1654 1653 1655 XOR
2 1 364 384 1656 AND
2 1 1654 1653 1657 AND
2 1 1656 1657 1658 LOR
2 1 363 383 1659 XOR
2 1 1659 1658 1660 XOR
2 1 363 383 1661 AND
2 1 1659 1658 1662 AND
2 1 1661 1662 1663 LOR
2 1 362 382 1664 XOR
2 1 1664 1663 1665 XOR
2 1 362 382 1666 AND
2 1 1664 1663 1667 AND
2 1 1666 1667 1668 LOR
2 1 361 381 1669 XOR
2 1 1669 1668 1670 XOR
2 1 361 381 1671 AND
2 1 1669 1668 1672 AND
2 1 1671 1672 1673 LOR
2 1 360 380 1674 XOR
2 1 1674 1673 1675 XOR
2 1 360 380 1676 AND
2 1 1674 1673 1677 AND
2 1 1676 1677 1678 LOR
2 1 359 379 1679 XOR
2 1 1679 1678 1680 XOR
2 1 359 379 1681 AND
2 1 1679 1678 1682 AND
2 1 1681 1682 1683 LOR
2 1 358 378 1684 XOR
2 1 1684 1683 1685 XOR
2 1 358 378 1686 AND
2 1 1684 1683 1687 AND
2 1 1686 1687 1688 LOR
2 1 357 377 1689 XOR
2 1 1689 1688 1690 XOR
2 1 357 377 1691 AND
2 1 1689 1688 1692 AND
2 1 1691 1692 1693 LOR
2 1 356 376 1694 XOR
2 1 1694 1693 1695 XOR
2 1 356 376 1696 AND
2 1 1694 1693 1697 AND
2 1 1696 1697 1698 LOR
2 1 355 375 1699 XOR
2 1 1699 1698 1700 XOR
2 1 355 375 1701 AND
2 1 1699 1698 1702 AND
2 1 1701 1702 1703 LOR
2 1 354 374 1704 XOR
2 1 1704 1703 1705 XOR
2 1 354 374 1706 AND
2 1 1704 1703 1707 AND
2 1 1706 1707 1708 LOR
2 1 353 373 1709 XOR
2 1 1709 1708 1710 XOR
2 1 353 373 1711 AND
2 1 1709 1708 1712 AND
2 1 1711 1712 1713 LOR
2 1 352 372 1714 XOR
2 1 1714 1713 1715 XOR
2 1 352 372 1716 AND
2 1 1714 1713 1717 AND
2 1 1716 1717 1718 LOR
2 1 351 371 1719 XOR
2 1 1719 1718 1720 XOR
2 1 351 371 1721 AND
2 1 1719 1718 1722 AND
2 1 1721 1722 1723 LOR
2 1 350 370 1724 XOR
2 1 1724 1723 1725 XOR
2 1 350 370 1726 AND
2 1 1724 1723 1727 AND
2 1 1726 1727 1728 LOR
2 1 349 369 1729 XOR
2 1 1729 1728 1730 XOR
2 1 349 369 1731 AND
2 1 1729 1728 1732 AND
2 1 1731 1732 1733 LOR
2 1 348 368 1734 XOR
2 1 1734 1733 1735 XOR
2 1 348 368 1736 AND
2 1 1734 1733 1737 AND
2 1 1736 1737 1738 LOR
2 1 347 367 1739 XOR
2 1 1739 1738 1740 XOR
2 1 402 420 1741 XOR
2 1 402 420 1742 AND
2 1 401 419 1743 XOR
2 1 1743 1742 1744 XOR
2 1 401 419 1745 AND
2 1 1743 1742 1746 AND
2 1 1745 1746 1747 LOR
2 1 400 418 1748 XOR
2 1 1748 1747 1749 XOR
2 1 400 418 1750 AND
2 1 1748 1747 1751 AND
2 1 1750 1751 1752 LOR
2 1 399 417 1753 XOR
2 1 1753 1752 1754 XOR
2 1 399 417 1755 AND
2 1 1753 1752 1756 AND
2 1 1755 1756 1757 LOR
2 1 398 416 1758 XOR
2 1 1758 1757 1759 XOR
2 1 398 416 1760 AND
2 1 1758 1757 1761 AND
2 1 1760 1761 1762 LOR
2 1 397 415 1763 XOR
2 1 1763 1762 1764 XOR
2 1 397 415 1765 AND
2 1 1763 1762 1766 AND
2 1 1765 1766 1767 LOR
2 1 396 414 1768 XOR
2 1 1768 1767 1769 XOR
2 1 396 414 1770 AND
2 1 1768 1767 1771 AND
2 1 1770 1771 1772 LOR
2 1 395 413 1773 XOR
2 1 1773 1772 1774 XOR
2 1 395 413 1775 AND
2 1 1773 1772 1776 AND
2 1 1775 1776 1777 LOR
2 1 394 412 1778 XOR
2 1 1778 1777 1779 XOR
2 1 394 412 1780 AND
2 1 1778 1777 1781 AND
2 1 1780 1781 1782 LOR
2 1 393 411 1783 XOR
2 1 1783 1782 1784 XOR
2 1 393 411 1785 AND
2 1 1783 1782 1786 AND
2 1 1785 1786 1787 LOR
2 1 392 410 1788 XOR
2 1 1788 1787 1789 XOR
2 1 392 410 1790 AND
2 1 1788 1787 1791 AND
2 1 1790 1791 1792 LOR
2 1 391 409 1793 XOR
2 1 1793 1792 1794 XOR
2 1 391 409 1795 AND
2 1 1793 1792 1796 AND
2 1 1795 1796 1797 LOR
2 1 390 408 1798 XOR
2 1 1798 1797 1799 XOR
2 1 390 408 1800 AND
2 1 1798 1797 1801 AND
2 1 1800 1801 1802 LOR
2 1 389 407 1803 XOR
2 1 1803 1802 1804 XOR
2 1 389 407 1805 AND
2 1 1803 1802 1806 AND
2 1 1805 1806 1807 LOR
2 1 388 406 1808 XOR
2 1 1808 1807 1809 XOR
2 1 388 406 1810 AND
2 1 1808 1807 1811 AND
2 1 1810 1811 1812 LOR
2 1 387 405 1813 XOR
2 1 1813 1812 1814 XOR
2 1 387 405 1815 AND
2 1 1813 1812 1816 AND
2 1 1815 1816 1817 LOR
2 1 386 404 1818 XOR
2 1 1818 1817 1819 XOR
2 1 1655 403 1820 XOR
2 1 1655 403 1821 AND
2 1 1660 1741 1822 XOR
2 1 1822 1821 1823 XOR
2 1 1660 1741 1824 AND
2 1 1822 1821 1825 AND
2 1 1824 1825 1826 LOR
2 1 1665 1744 1827 XOR
2 1 1827 1826 1828 XOR
2 1 1665 1744 1829 AND
2 1 1827 1826 1830 AND
2 1 1829 1830 1831 LOR
2 1 1670 1749 1832 XOR
2 1 1832 1831 1833 XOR
2 1 1670 1749 1834 AND
2 1 1832 1831 1835 AND
2 1 1834 1835 1836 LOR
2 1 1675 1754 1837 XOR
2 1 1837 1836 1838 XOR
2 1 1675 1754 1839 AND
2 1 1837 1836 1840 AND
2 1 1839 1840 1841 LOR
2 1 1680 1759 1842 XOR
2 1 1842 1841 1843 XOR
2 1 1680 1759 1844 AND
2 1 1842 1841 1845 AND
2 1 1844 1845 1846 LOR
2 1 1685 1764 1847 XOR
2 1 1847 1846 1848 XOR
2 1 1685 1764 1849 AND
2 1 1847 1846 1850 AND
2 1 1849 1850 1851 LOR
2 1 1690 1769 1852 XOR
2 1 1852 1851 1853 XOR
2 1 1690 1769 1854 AND
2 1 1852 1851 1855 AND
2 1 1854 1855 1856 LOR
2 1 1695 1774 1857 XOR
2 1 1857 1856 1858 XOR
2 1 1695 1774 1859 AND
2 1 1857 1856 1860 AND
2 1 1859 1860 1861 LOR
2 1 1700 1779 1862 XOR
2 1 1862 1861 1863 XOR
2 1 1700 1779 1864 AND
2 1 1862 1861 1865 AND
2 1 1864 1865 1866 LOR
2 1 1705 1784 1867 XOR
2 1 1867 1866 1868 XOR
2 1 1705 1784 1869 AND
2 1 1867 1866 1870 AND
2 1 1869 1870 1871 LOR
2 1 1710 1789 1872 XOR
2 1 1872 1871 1873 XOR
2 1 1710 1789 1874 AND
2 1 1872 1871 1875 AND
2 1 1874 1875 1876 LOR
2 1 1715 1794 1877 XOR
2 1 1877 1876 1878 XOR
2 1 1715 1794 1879 AND
2 1 1877 1876 1880 AND
2 1 1879 1880 1881 LOR
2 1 1720 1799 1882 XOR
2 1 1882 1881 1883 XOR
2 1 1720 1799 1884 AND
2 1 1882 1881 1885 AND
2 1 1884 1885 1886 LOR
2 1 1725 1804 1887 XOR
2 1 1887 1886 1888 XOR
2 1 1725 1804 1889 AND
2 1 1887 1886 1890 AND
2 1 1889 1890 1891 LOR
2 1 1730 1809 1892 XOR
2 1 1892 1891 1893 XOR
2 1 1730 1809 1894 AND
2 1 1892 1891 1895 AND
2 1 1894 1895 1896 LOR
2 1 1735 1814 1897 XOR
2 1 1897 1896 1898 XOR
2 1 1735 1814 1899 AND
2 1 1897 1896 1900 AND
2 1 1899 1900 1901 LOR
2 1 1740 1819 1902 XOR
2 1 1902 1901 1903 XOR
2 1 1556 366 1904 XOR
2 1 1556 366 1905 AND
2 1 1561 1652 1906 XOR
2 1 1906 1905 1907 XOR
2 1 1561 1652 1908 AND
2 1 1906 1905 1909 AND
2 1 1908 1909 1910 LOR
2 1 1566 1820 1911 XOR
2 1 1911 1910 1912 XOR
2 1 1566 1820 1913 AND
2 1 1911 1910 1914 AND
2 1 1913 1914 1915 LOR
2 1 1571 1823 1916 XOR
2 1 1916 1915 1917 XOR
2 1 1571 1823 1918 AND
2 1 1916 1915 1919 AND
2 1 1918 1919 1920 LOR
2 1 1576 1828 1921 XOR
2 1 1921 1920 1922 XOR
2 1 1576 1828 1923 AND
2 1 1921 1920 1924 AND
2 1 1923 1924 1925 LOR
2 1 1581 1833 1926 XOR
2 1 1926 1925 1927 XOR
2 1 1581 1833 1928 AND
2 1 1926 1925 1929 AND
2 1 1928 1929 1930 LOR
2 1 1586 1838 1931 XOR
2 1 1931 1930 1932 XOR
2 1 1586 1838 1933 AND
2 1 1931 1930 1934 AND
2 1 1933 1934 1935 LOR
2 1 1591 1843 1936 XOR
2 1 1936 1935 1937 XOR
2 1 1591 1843 1938 AND
2 1 1936 1935 1939 AND
2 1 1938 1939 1940 LOR
2 1 1596 1848 1941 XOR
2 1 1941 1940 1942 XOR
2 1 1596 1848 1943 AND
2 1 1941 1940 1944 AND
2 1 1943 1944 1945 LOR
2 1 1601 1853 1946 XOR
2 1 1946 1945 1947 XOR
2 1 1601 1853 1948 AND
2 1 1946 1945 1949 AND
2 1 1948 1949 1950 LOR
2 1 1606 1858 1951 XOR
2 1 1951 1950 1952 XOR
2 1 1606 1858 1953 AND
2 1 1951 1950 1954 AND
2 1 1953 1954 1955 LOR
2 1 1611 1863 1956 XOR
2 1 1956 1955 1957 XOR
2 1 1611 1863 1958 AND
2 1 1956 1955 1959 AND
2 1 1958 1959 1960 LOR
2 1 1616 1868 1961 XOR
2 1 1961 1960 1962 XOR
2 1 1616 1868 1963 AND
2 1 1961 1960 1964 AND
2 1 1963 1964 1965 LOR
2 1 1621 1873 1966 XOR
2 1 1966 1965 1967 XOR
2 1 1621 1873 1968 AND
2 1 1966 1965 1969 AND
2 1 1968 1969 1970 LOR
2 1 1626 1878 1971 XOR
2 1 1971 1970 1972 XOR
2 1 1626 1878 1973 AND
2 1 1971 1970 1974 AND
2 1 1973 1974 1975 LOR
2 1 1631 1883 1976 XOR
2 1 1976 1975 1977 XOR
2 1 1631 1883 1978 AND
2 1 1976 1975 1979 AND
2 1 1978 1979 1980 LOR
2 1 1636 1888 1981 XOR
2 1 1981 1980 1982 XOR
2 1 1636 1888 1983 AND
2 1 1981 1980 1984 AND
2 1 1983 1984 1985 LOR
2 1 1641 1893 1986 XOR
2 1 1986 1985 1987 XOR
2 1 1641 1893 1988 AND
2 1 1986 1985 1989 AND
2 1 1988 1989 1990 LOR
2 1 1646 1898 1991 XOR
2 1 1991 1990 1992 XOR
2 1 1646 1898 1993 AND
2 1 1991 1990 1994 AND
2 1 1993 1994 1995 LOR
2 1 1651 1903 1996 XOR
2 1 1996 1995 1997 XOR
2 1 1224 280 1998 AND
2 1 1229 1340 1999 XOR
2 1 1229 1340 2000 AND
2 1 1999 1998 2001 AND
2 1 2000 2001 2002 LOR
2 1 1234 1548 2003 XOR
2 1 1234 1548 2004 AND
2 1 2003 2002 2005 AND
2 1 2004 2005 2006 LOR
2 1 1239 1551 2007 XOR
2 1 1239 1551 2008 AND
2 1 2007 2006 2009 AND
2 1 2008 2009 2010 LOR
2 1 1244 1904 2011 XOR
2 1 1244 1904 2012 AND
2 1 2011 2010 2013 AND
2 1 2012 2013 2014 LOR
2 1 1249 1907 2015 XOR
2 1 1249 1907 2016 AND
2 1 2015 2014 2017 AND
2 1 2016 2017 2018 LOR
2 1 1254 1912 2019 XOR
2 1 1254 1912 2020 AND
2 1 2019 2018 2021 AND
2 1 2020 2021 2022 LOR
2 1 1259 1917 2023 XOR
2 1 1259 1917 2024 AND
2 1 2023 2022 2025 AND
2 1 2024 2025 2026 LOR
2 1 1264 1922 2027 XOR
2 1 2027 2026 2028 XOR
2 1 1264 1922 2029 AND
2 1 2027 2026 2030 AND
2 1 2029 2030 2031 LOR
2 1 1269 1927 2032 XOR
2 1 2032 2031 2033 XOR
2 1 1269 1927 2034 AND
2 1 2032 2031 2035 AND
2 1 2034 2035 2036 LOR
2 1 1274 1932 2037 XOR
2 1 2037 2036 2038 XOR
2 1 1274 1932 2039 AND
2 1 2037 2036 2040 AND
2 1 2039 2040 2041 LOR
2 1 1279 1937 2042 XOR
2 1 2042 2041 2043 XOR
2 1 1279 1937 2044 AND
2 1 2042 2041 2045 AND
2 1 2044 2045 2046 LOR
2 1 1284 1942 2047 XOR
2 1 2047 2046 2048 XOR
2 1 1284 1942 2049 AND
2 1 2047 2046 2050 AND
2 1 2049 2050 2051 LOR
2 1 1289 1947 2052 XOR
2 1 2052 2051 2053 XOR
2 1 1289 1947 2054 AND
2 1 2052 2051 2055 AND
2 1 2054 2055 2056 LOR
2 1 1294 1952 2057 XOR
2 1 2057 2056 2058 XOR
2 1 1294 1952 2059 AND
2 1 2057 2056 2060 AND
2 1 2059 2060 2061 LOR
2 1 1299 1957 2062 XOR
2 1 2062 2061 2063 XOR
2 1 1299 1957 2064 AND
2 1 2062 2061 2065 AND
2 1 2064 2065 2066 LOR
2 1 1304 1962 2067 XOR
2 1 2067 2066 2068 XOR
2 1 1304 1962 2069 AND
2 1 2067 2066 2070 AND
2 1 2069 2070 2071 LOR
2 1 1309 1967 2072 XOR
2 1 2072 2071 2073 XOR
2 1 1309 1967 2074 AND
2 1 2072 2071 2075 AND
2 1 2074 2075 2076 LOR
2 1 1314 1972 2077 XOR
2 1 2077 2076 2078 XOR
2 1 1314 1972 2079 AND
2 1 2077 2076 2080 AND
2 1 2079 2080 2081 LOR
2 1 1319 1977 2082 XOR
2 1 2082 2081 2083 XOR
2 1 1319 1977 2084 AND
2 1 2082 2081 2085 AND
2 1 2084 2085 2086 LOR
2 1 1324 1982 2087 XOR
2 1 2087 2086 2088 XOR
2 1 1324 1982 2089 AND
2 1 2087 2086 2090 AND
2 1 2089 2090 2091 LOR
2 1 1329 1987 2092 XOR
2 1 2092 2091 2093 XOR
2 1 1329 1987 2094 AND
2 1 2092 2091 2095 AND
2 1 2094 2095 2096 LOR
2 1 1334 1992 2097 XOR
2 1 2097 2096 2098 XOR
2 1 1334 1992 2099 AND
2 1 2097 2096 2100 AND
2 1 2099 2100 2101 LOR
2 1 1339 1997 2102 XOR
2 1 2102 2101 2103 XOR
2 1 435 451 2104 XOR
2 1 435 451 2105 AND
2 1 434 450 2106 XOR
2 1 2106 2105 2107 XOR
2 1 434 450 2108 AND
2 1 2106 2105 2109 AND
2 1 2108 2109 2110 LOR
2 1 433 449 2111 XOR
2 1 2111 2110 2112 XOR
2 1 433 449 2113 AND
2 1 2111 2110 2114 AND
2 1 2113 2114 2115 LOR
2 1 432 448 2116 XOR
2 1 2116 2115 2117 XOR
2 1 432 448 2118 AND
2 1 2116 2115 2119 AND
2 1 2118 2119 2120 LOR
2 1 431 447 2121 XOR
2 1 2121 2120 2122 XOR
2 1 431 447 2123 AND
2 1 2121 2120 2124 AND
2 1 2123 2124 2125 LOR
2 1 430 446 2126 XOR
2 1 2126 2125 2127 XOR
2 1 430 446 2128 AND
2 1 2126 2125 2129 AND
2 1 2128 2129 2130 LOR
2 1 429 445 2131 XOR
2 1 2131 2130 2132 XOR
2 1 429 445 2133 AND
2 1 2131 2130 2134 AND
2 1 2133 2134 2135 LOR
2 1 428 444 2136 XOR
2 1 2136 2135 2137 XOR
2 1 428 444 2138 AND
2 1 2136 2135 2139 AND
2 1 2138 2139 2140 LOR
2 1 427 443 2141 XOR
2 1 2141 2140 2142 XOR
2 1 427 443 2143 AND
2 1 2141 2140 2144 AND
2 1 2143 2144 2145 LOR
2 1 426 442 2146 XOR
2 1 2146 2145 2147 XOR
2 1 426 442 2148 AND
2 1 2146 2145 2149 AND
2 1 2148 2149 2150 LOR
2 1 425 441 2151 XOR
2 1 2151 2150 2152 XOR
2 1 425 441 2153 AND
2 1 2151 2150 2154 AND
2 1 2153 2154 2155 LOR
2 1 424 440 2156 XOR
2 1 2156 2155 2157 XOR
2 1 424 440 2158 AND
2 1 2156 2155 2159 AND
2 1 2158 2159 2160 LOR
2 1 423 439 2161 XOR
2 1 2161 2160 2162 XOR
2 1 423 439 2163 AND
2 1 2161 2160 2164 AND
2 1 2163 2164 2165 LOR
2 1 422 438 2166 XOR
2 1 2166 2165 2167 XOR
2 1 422 438 2168 AND
2 1 2166 2165 2169 AND
2 1 2168 2169 2170 LOR
2 1 421 437 2171 XOR
2 1 2171 2170 2172 XOR
2 1 464 478 2173 XOR
2 1 464 478 2174 AND
2 1 463 477 2175 XOR
2 1 2175 2174 2176 XOR
2 1 463 477 2177 AND
2 1 2175 2174 2178 AND
2 1 2177 2178 2179 LOR
2 1 462 476 2180 XOR
2 1 2180 2179 2181 XOR
2 1 462 476 2182 AND
2 1 2180 2179 2183 AND
2 1 2182 2183 2184 LOR
2 1 461 475 2185 XOR
2 1 2185 2184 2186 XOR
2 1 461 475 2187 AND
2 1 2185 2184 2188 AND
2 1 2187 2188 2189 LOR
2 1 460 474 2190 XOR
2 1 2190 2189 2191 XOR
2 1 460 474 2192 AND
2 1 2190 2189 2193 AND
2 1 2192 2193 2194 LOR
2 1 459 473 2195 XOR
2 1 2195 2194 2196 XOR
2 1 459 473 2197 AND
2 1 2195 2194 2198 AND
2 1 2197 2198 2199 LOR
2 1 458 472 2200 XOR
2 1 2200 2199 2201 XOR
2 1 458 472 2202 AND
2 1 2200 2199 2203 AND
2 1 2202 2203 2204 LOR
2 1 457 471 2205 XOR
2 1 2205 2204 2206 XOR
2 1 457 471 2207 AND
2 1 2205 2204 2208 AND
2 1 2207 2208 2209 LOR
2 1 456 470 2210 XOR
2 1 2210 2209 2211 XOR
2 1 456 470 2212 AND
2 1 2210 2209 2213 AND
2 1 2212 2213 2214 LOR
2 1 455 469 2215 XOR
2 1 2215 2214 2216 XOR
2 1 455 469 2217 AND
2 1 2215 2214 2218 AND
2 1 2217 2218 2219 LOR
2 1 454 468 2220 XOR
2 1 2220 2219 2221 XOR
2 1 454 468 2222 AND
2 1 2220 2219 2223 AND
2 1 2222 2223 2224 LOR
2 1 453 467 2225 XOR
2 1 2225 2224 2226 XOR
2 1 453 467 2227 AND
2 1 2225 2224 2228 AND
2 1 2227 2228 2229 LOR
2 1 452 466 2230 XOR
2 1 2230 2229 2231 XOR
2 1 2107 465 2232 XOR
2 1 2107 465 2233 AND
2 1 2112 2173 2234 XOR
2 1 2234 2233 2235 XOR
2 1 2112 2173 2236 AND
2 1 2234 2233 2237 AND
2 1 2236 2237 2238 LOR
2 1 2117 2176 2239 XOR
2 1 2239 2238 2240 XOR
2 1 2117 2176 2241 AND
2 1 2239 2238 2242 AND
2 1 2241 2242 2243 LOR
2 1 2122 2181 2244 XOR
2 1 2244 2243 2245 XOR
2 1 2122 2181 2246 AND
2 1 2244 2243 2247 AND
2 1 2246 2247 2248 LOR
2 1 2127 2186 2249 XOR
2 1 2249 2248 2250 XOR
2 1 2127 2186 2251 AND
2 1 2249 2248 2252 AND
2 1 2251 2252 2253 LOR
2 1 2132 2191 2254 XOR
2 1 2254 2253 2255 XOR
2 1 2132 2191 2256 AND
2 1 2254 2253 2257 AND
2 1 2256 2257 2258 LOR
2 1 2137 2196 2259 XOR
2 1 2259 2258 2260 XOR
2 1 2137 2196 2261 AND
2 1 2259 2258 2262 AND
2 1 2261 2262 2263 LOR
2 1 2142 2201 2264 XOR
2 1 2264 2263 2265 XOR
2 1 2142 2201 2266 AND
2 1 2264 2263 2267 AND
2 1 2266 2267 2268 LOR
2 1 2147 2206 2269 XOR
2 1 2269 2268 2270 XOR
2 1 2147 2206 2271 AND
2 1 2269 2268 2272 AND
2 1 2271 2272 2273 LOR
2 1 2152 2211 2274 XOR
2 1 2274 2273 2275 XOR
2 1 2152 2211 2276 AND
2 1 2274 2273 2277 AND
2 1 2276 2277 2278 LOR
2 1 2157 2216 2279 XOR
2 1 2279 2278 2280 XOR
2 1 2157 2216 2281 AND
2 1 2279 2278 2282 AND
2 1 2281 2282 2283 LOR
2 1 2162 2221 2284 XOR
2 1 2284 2283 2285 XOR
2 1 2162 2221 2286 AND
2 1 2284 2283 2287 AND
2 1 2286 2287 2288 LOR
2 1 2167 2226 2289 XOR
2 1 2289 2288 2290 XOR
2 1 2167 2226 2291 AND
2 1 2289 2288 2292 AND
2 1 2291 2292 2293 LOR
2 1 2172 2231 2294 XOR
2 1 2294 2293 2295 XOR
2 1 489 501 2296 XOR
2 1 489 501 2297 AND
2 1 488 500 2298 XOR
2 1 2298 2297 2299 XOR
2 1 488 500 2300 AND
2 1 2298 2297 2301 AND
2 1 2300 2301 2302 LOR
2 1 487 499 2303 XOR
2 1 2303 2302 2304 XOR
2 1 487 499 2305 AND
2 1 2303 2302 2306 AND
2 1 2305 2306 2307 LOR
2 1 486 498 2308 XOR
2 1 2308 2307 2309 XOR
2 1 486 498 2310 AND
2 1 2308 2307 2311 AND
2 1 2310 2311 2312 LOR
2 1 485 497 2313 XOR
2 1 2313 2312 2314 XOR
2 1 485 497 2315 AND
2 1 2313 2312 2316 AND
2 1 2315 2316 2317 LOR
2 1 484 496 2318 XOR
2 1 2318 2317 2319 XOR
2 1 484 496 2320 AND
2 1 2318 2317 2321 AND
2 1 2320 2321 2322 LOR
2 1 483 495 2323 XOR
2 1 2323 2322 2324 XOR
2 1 483 495 2325 AND
2 1 2323 2322 2326 AND
2 1 2325 2326 2327 LOR
2 1 482 494 2328 XOR
2 1 2328 2327 2329 XOR
2 1 482 494 2330 AND
2 1 2328 2327 2331 AND
2 1 2330 2331 2332 LOR
2 1 481 493 2333 XOR
2 1 2333 2332 2334 XOR
2 1 481 493 2335 AND
2 1 2333 2332 2336 AND
2 1 2335 2336 2337 LOR
2 1 480 492 2338 XOR
2 1 2338 2337 2339 XOR
2 1 480 492 2340 AND
2 1 2338 2337 2341 AND
2 1 2340 2341 2342 LOR
2 1 479 491 2343 XOR
2 1 2343 2342 2344 XOR
2 1 510 520 2345 XOR
2 1 510 520 2346 AND
2 1 509 519 2347 XOR
2 1 2347 2346 2348 XOR
2 1 509 519 2349 AND
2 1 2347 2346 2350 AND
2 1 2349 2350 2351 LOR
2 1 508 518 2352 XOR
2 1 2352 2351 2353 XOR
2 1 508 518 2354 AND
2 1 2352 2351 2355 AND
2 1 2354 2355 2356 LOR
2 1 507 517 2357 XOR
2 1 2357 2356 2358 XOR
2 1 507 517 2359 AND
2 1 2357 2356 2360 AND
2 1 2359 2360 2361 LOR
2 1 506 516 2362 XOR
2 1 2362 2361 2363 XOR
2 1 506 516 2364 AND
2 1 2362 2361 2365 AND
2 1 2364 2365 2366 LOR
2 1 505 515 2367 XOR
2 1 2367 2366 2368 XOR
2 1 505 515 2369 AND
2 1 2367 2366 2370 AND
2 1 2369 2370 2371 LOR
2 1 504 514 2372 XOR
2 1 2372 2371 2373 XOR
2 1 504 514 2374 AND
2 1 2372 2371 2375 AND
2 1 2374 2375 2376 LOR
2 1 503 513 2377 XOR
2 1 2377 2376 2378 XOR
2 1 503 513 2379 AND
2 1 2377 2376 2380 AND
2 1 2379 2380 2381 LOR
2 1 502 512 2382 XOR
2 1 2382 2381 2383 XOR
2 1 2299 511 2384 XOR
2 1 2299 511 2385 AND
2 1 2304 2345 2386 XOR
2 1 2386 2385 2387 XOR
2 1 2304 2345 2388 AND
2 1 2386 2385 2389 AND
2 1 2388 2389 2390 LOR
2 1 2309 2348 2391 XOR
2 1 2391 2390 2392 XOR
2 1 2309 2348 2393 AND
2 1 2391 2390 2394 AND
2 1 2393 2394 2395 LOR
2 1 2314 2353 2396 XOR
2 1 2396 2395 2397 XOR
2 1 2314 2353 2398 AND
2 1 2396 2395 2399 AND
2 1 2398 2399 2400 LOR
2 1 2319 2358 2401 XOR
2 1 2401 2400 2402 XOR
2 1 2319 2358 2403 AND
2 1 2401 2400 2404 AND
2 1 2403 2404 2405 LOR
2 1 2324 2363 2406 XOR
2 1 2406 2405 2407 XOR
2 1 2324 2363 2408 AND
2 1 2406 2405 2409 AND
2 1 2408 2409 2410 LOR
2 1 2329 2368 2411 XOR
2 1 2411 2410 2412 XOR
2 1 2329 2368 2413 AND
2 1 2411 2410 2414 AND
2 1 2413 2414 2415 LOR
2 1 2334 2373 2416 XOR
2 1 2416 2415 2417 XOR
2 1 2334 2373 2418 AND
2 1 2416 2415 2419 AND
2 1 2418 2419 2420 LOR
2 1 2339 2378 2421 XOR
2 1 2421 2420 2422 XOR
2 1 2339 2378 2423 AND
2 1 2421 2420 2424 AND
2 1 2423 2424 2425 LOR
2 1 2344 2383 2426 XOR
2 1 2426 2425 2427 XOR
2 1 2240 490 2428 XOR
2 1 2240 490 2429 AND
2 1 2245 2296 2430 XOR
2 1 2430 2429 2431 XOR
2 1 2245 2296 2432 AND
2 1 2430 2429 2433 AND
2 1 2432 2433 2434 LOR
2 1 2250 2384 2435 XOR
2 1 2435 2434 2436 XOR
2 1 2250 2384 2437 AND
2 1 2435 2434 2438 AND
2 1 2437 2438 2439 LOR
2 1 2255 2387 2440 XOR
2 1 2440 2439 2441 XOR
2 1 2255 2387 2442 AND
2 1 2440 2439 2443 AND
2 1 2442 2443 2444 LOR
2 1 2260 2392 2445 XOR
2 1 2445 2444 2446 XOR
2 1 2260 2392 2447 AND
2 1 2445 2444 2448 AND
2 1 2447 2448 2449 LOR
2 1 2265 2397 2450 XOR
2 1 2450 2449 2451 XOR
2 1 2265 2397 2452 AND
2 1 2450 2449 2453 AND
2 1 2452 2453 2454 LOR
2 1 2270 2402 2455 XOR
2 1 2455 2454 2456 XOR
2 1 2270 2402 2457 AND
2 1 2455 2454 2458 AND
2 1 2457 2458 2459 LOR
2 1 2275 2407 2460 XOR
2 1 2460 2459 2461 XOR
2 1 2275 2407 2462 AND
2 1 2460 2459 2463 AND
2 1 2462 2463 2464 LOR
2 1 2280 2412 2465 XOR
2 1 2465 2464 2466 XOR
2 1 2280 2412 2467 AND
2 1 2465 2464 2468 AND
2 1 2467 2468 2469 LOR
2 1 2285 2417 2470 XOR
2 1 2470 2469 2471 XOR
2 1 2285 2417 2472 AND
2 1 2470 2469 2473 AND
2 1 2472 2473 2474 LOR
2 1 2290 2422 2475 XOR
2 1 2475 2474 2476 XOR
2 1 2290 2422 2477 AND
2 1 2475 2474 2478 AND
2 1 2477 2478 2479 LOR
2 1 2295 2427 2480 XOR
2 1 2480 2479 2481 XOR
2 1 527 535 2482 XOR
2 1 527 535 2483 AND
2 1 526 534 2484 XOR
2 1 2484 2483 2485 XOR
2 1 526 534 2486 AND
2 1 2484 2483 2487 AND
2 1 2486 2487 2488 LOR
2 1 525 533 2489 XOR
2 1 2489 2488 2490 XOR
2 1 525 533 2491 AND
2 1 2489 2488 2492 AND
2 1 2491 2492 2493 LOR
2 1 524 532 2494 XOR
2 1 2494 2493 2495 XOR
2 1 524 532 2496 AND
2 1 2494 2493 2497 AND
2 1 2496 2497 2498 LOR
2 1 523 531 2499 XOR
2 1 2499 2498 2500 XOR
2 1 523 531 2501 AND
2 1 2499 2498 2502 AND
2 1 2501 2502 2503 LOR
2 1 522 530 2504 XOR
2 1 2504 2503 2505 XOR
2 1 522 530 2506 AND
2 1 2504 2503 2507 AND
2 1 2506 2507 2508 LOR
2 1 521 529 2509 XOR
2 1 2509 2508 2510 XOR
2 1 540 546 2511 XOR
2 1 540 546 2512 AND
2 1 539 545 2513 XOR
2 1 2513 2512 2514 XOR
2 1 539 545 2515 AND
2 1 2513 2512 2516 AND
2 1 2515 2516 2517 LOR
2 1 538 544 2518 XOR
2 1 2518 2517 2519 XOR
2 1 538 544 2520 AND
2 1 2518 2517 2521 AND
2 1 2520 2521 2522 LOR
2 1 537 543 2523 XOR
2 1 2523 2522 2524 XOR
2 1 537 543 2525 AND
2 1 2523 2522 2526 AND
2 1 2525 2526 2527 LOR
2 1 536 542 2528 XOR
2 1 2528 2527 2529 XOR
2 1 2485 541 2530 XOR
2 1 2485 541 2531 AND
2 1 2490 2511 2532 XOR
2 1 2532 2531 2533 XOR
2 1 2490 2511 2534 AND
2 1 2532 2531 2535 AND
2 1 2534 2535 2536 LOR
2 1 2495 2514 2537 XOR
2 1 2537 2536 2538 XOR
2 1 2495 2514 2539 AND
2 1 2537 2536 2540 AND
2 1 2539 2540 2541 LOR
2 1 2500 2519 2542 XOR
2 1 2542 2541 2543 XOR
2 1 2500 2519 2544 AND
2 1 2542 2541 2545 AND
2 1 2544 2545 2546 LOR
2 1 2505 2524 2547 XOR
2 1 2547 2546 2548 XOR
2 1 2505 2524 2549 AND
2 1 2547 2546 2550 AND
2 1 2549 2550 2551 LOR
2 1 2510 2529 2552 XOR
2 1 2552 2551 2553 XOR
2 1 549 553 2554 XOR
2 1 549 553 2555 AND
2 1 548 552 2556 XOR
2 1 2556 2555 2557 XOR
2 1 548 552 2558 AND
2 1 2556 2555 2559 AND
2 1 2558 2559 2560 LOR
2 1 547 551 2561 XOR
2 1 2561 2560 2562 XOR
2 1 554 556 2563 XOR
2 1 2557 555 2564 XOR
2 1 2557 555 2565 AND
2 1 2562 2563 2566 XOR
2 1 2566 2565 2567 XOR
2 1 2538 550 2568 XOR
2 1 2538 550 2569 AND
2 1 2543 2554 2570 XOR
2 1 2570 2569 2571 XOR
2 1 2543 2554 2572 AND
2 1 2570 2569 2573 AND
2 1 2572 2573 2574 LOR
2 1 2548 2564 2575 XOR
2 1 2575 2574 2576 XOR
2 1 2548 2564 2577 AND
2 1 2575 2574 2578 AND
2 1 2577 2578 2579 LOR
2 1 2553 2567 2580 XOR
2 1 2580 2579 2581 XOR
2 1 2446 528 2582 XOR
2 1 2446 528 2583 AND
2 1 2451 2482 2584 XOR
2 1 2584 2583 2585 XOR
2 1 2451 2482 2586 AND
2 1 2584 2583 2587 AND
2 1 2586 2587 2588 LOR
2 1 2456 2530 2589 XOR
2 1 2589 2588 2590 XOR
2 1 2456 2530 2591 AND
2 1 2589 2588 2592 AND
2 1 2591 2592 2593 LOR
2 1 2461 2533 2594 XOR
2 1 2594 2593 2595 XOR
2 1 2461 2533 2596 AND
2 1 2594 2593 2597 AND
2 1 2596 2597 2598 LOR
2 1 2466 2568 2599 XOR
2 1 2599 2598 2600 XOR
2 1 2466 2568 2601 AND
2 1 2599 2598 2602 AND
2 1 2601 2602 2603 LOR
2 1 2471 2571 2604 XOR
2 1 2604 2603 2605 XOR
2 1 2471 2571 2606 AND
2 1 2604 2603 2607 AND
2 1 2606 2607 2608 LOR
2 1 2476 2576 2609 XOR
2 1 2609 2608 2610 XOR
2 1 2476 2576 2611 AND
2 1 2609 2608 2612 AND
2 1 2611 2612 2613 LOR
2 1 2481 2581 2614 XOR
2 1 2614 2613 2615 XOR
2 1 2028 436 2616 AND
2 1 2033 2104 2617 XOR
2 1 2033 2104 2618 AND
2 1 2617 2616 2619 AND
2 1 2618 2619 2620 LOR
2 1 2038 2232 2621 XOR
2 1 2038 2232 2622 AND
2 1 2621 2620 2623 AND
2 1 2622 2623 2624 LOR
2 1 2043 2235 2625 XOR
2 1 2043 2235 2626 AND
2 1 2625 2624 2627 AND
2 1 2626 2627 2628 LOR
2 1 2048 2428 2629 XOR
2 1 2048 2428 2630 AND
2 1 2629 2628 2631 AND
2 1 2630 2631 2632 LOR
2 1 2053 2431 2633 XOR
2 1 2053 2431 2634 AND
2 1 2633 2632 2635 AND
2 1 2634 2635 2636 LOR
2 1 2058 2436 2637 XOR
2 1 2058 2436 2638 AND
2 1 2637 2636 2639 AND
2 1 2638 2639 2640 LOR
2 1 2063 2441 2641 XOR
2 1 2063 2441 2642 AND
2 1 2641 2640 2643 AND
2 1 2642 2643 2644 LOR
2 1 2068 2582 2645 XOR
2 1 2068 2582 2646 AND
2 1 2645 2644 2647 AND
2 1 2646 2647 2648 LOR
2 1 2073 2585 2649 XOR
2 1 2073 2585 2650 AND
2 1 2649 2648 2651 AND
2 1 2650 2651 2652 LOR
2 1 2078 2590 2653 XOR
2 1 2078 2590 2654 AND
2 1 2653 2652 2655 AND
2 1 2654 2655 2656 LOR
2 1 2083 2595 2657 XOR
2 1 2083 2595 2658 AND
2 1 2657 2656 2659 AND
2 1 2658 2659 2660 LOR
2 1 2088 2600 2661 XOR
2 1 2088 2600 2662 AND
2 1 2661 2660 2663 AND
2 1 2662 2663 2664 LOR
2 1 2093 2605 2665 XOR
2 1 2093 2605 2666 AND
2 1 2665 2664 2667 AND
2 1 2666 2667 2668 LOR
2 1 2098 2610 2669 XOR
2 1 2098 2610 2670 AND
2 1 2669 2668 2671 AND
2 1 2670 2671 2672 LOR
2 1 2103 2615 2673 XOR
2 1 2673 2672 2674 XOR
2 1 2669 2668 2675 XOR
2 1 2665 2664 2676 XOR
2 1 2661 2660 2677 XOR
2 1 2657 2656 2678 XOR
2 1 2653 2652 2679 XOR
2 1 2649 2648 2680 XOR
2 1 2645 2644 2681 XOR
2 1 2641 2640 2682 XOR
2 1 2637 2636 2683 XOR
2 1 2633 2632 2684 XOR
2 1 2629 2628 2685 XOR
2 1 2625 2624 2686 XOR
2 1 2621 2620 2687 XOR
2 1 2617 2616 2688 XOR
2 1 2028 436 2689 XOR
2 1 2023 2022 2690 XOR
2 1 2019 2018 2691 XOR
2 1 2015 2014 2692 XOR
2 1 2011 2010 2693 XOR
2 1 2007 2006 2694 XOR
2 1 2003 2002 2695 XOR
2 1 1999 1998 2696 XOR
2 1 1224 280 2697 XOR
2 1 1219 1218 2698 XOR
2 1 1215 1214 2699 XOR
2 1 1211 1210 2700 XOR
2 1 702 178 2701 XOR
2 1 697 696 2702 XOR
2 1 91 121 2703 XOR
2 1 30 61 2704 AND