316 380
2 32 32
1 32
1 1 31 64 INV
2 1 64 63 65 AND
2 1 30 62 66 XOR
1 1 30 67 INV
2 1 67 62 68 AND
1 1 66 69 INV
2 1 69 65 70 AND
2 1 68 70 71 LOR
2 1 29 61 72 XOR
1 1 29 73 INV
2 1 73 61 74 AND
1 1 72 75 INV
2 1 75 71 76 AND
2 1 74 76 77 LOR
2 1 28 60 78 XOR
1 1 28 79 INV
2 1 79 60 80 AND
1 1 78 81 INV
2 1 81 77 82 AND
2 1 80 82 83 LOR
2 1 27 59 84 XOR
1 1 27 85 INV
2 1 85 59 86 AND
1 1 84 87 INV
2 1 87 83 88 AND
2 1 86 88 89 LOR
2 1 26 58 90 XOR
1 1 26 91 INV
2 1 91 58 92 AND
1 1 90 93 INV
2 1 93 89 94 AND
2 1 92 94 95 LOR
2 1 25 57 96 XOR
1 1 25 97 INV
2 1 97 57 98 AND
1 1 96 99 INV
2 1 99 95 100 AND
2 1 98 100 101 LOR
2 1 24 56 102 XOR
1 1 24 103 INV
2 1 103 56 104 AND
1 1 102 105 INV
2 1 105 101 106 AND
2 1 104 106 107 LOR
2 1 23 55 108 XOR
1 1 23 109 INV
2 1 109 55 110 AND
1 1 108 111 INV
2 1 111 107 112 AND
2 1 110 112 113 LOR
2 1 22 54 114 XOR
1 1 22 115 INV
2 1 115 54 116 AND
1 1 114 117 INV
2 1 117 113 118 AND
2 1 116 118 119 LOR
2 1 21 53 120 XOR
1 1 21 121 INV
2 1 121 53 122 AND
1 1 120 123 INV
2 1 123 119 124 AND
2 1 122 124 125 LOR
2 1 20 52 126 XOR
1 1 20 127 INV
2 1 127 52 128 AND
1 1 126 129 INV
2 1 129 125 130 AND
2 1 128 130 131 LOR
2 1 19 51 132 XOR
1 1 19 133 INV
2 1 133 51 134 AND
1 1 132 135 INV
2 1 135 131 136 AND
2 1 134 136 137 LOR
2 1 18 50 138 XOR
1 1 18 139 INV
2 1 139 50 140 AND
1 1 138 141 INV
2 1 141 137 142 AND
2 1 140 142 143 LOR
2 1 17 49 144 XOR
1 1 17 145 INV
2 1 145 49 146 AND
1 1 144 147 INV
2 1 147 143 148 AND
2 1 146 148 149 LOR
2 1 16 48 150 XOR
1 1 16 151 INV
2 1 151 48 152 AND
1 1 150 153 INV
2 1 153 149 154 AND
2 1 152 154 155 LOR
2 1 15 47 156 XOR
1 1 15 157 INV
2 1 157 47 158 AND
1 1 156 159 INV
2 1 159 155 160 AND
2 1 158 160 161 LOR
2 1 14 46 162 XOR
1 1 14 163 INV
2 1 163 46 164 AND
1 1 162 165 INV
2 1 165 161 166 AND
2 1 164 166 167 LOR
2 1 13 45 168 XOR
1 1 13 169 INV
2 1 169 45 170 AND
1 1 168 171 INV
2 1 171 167 172 AND
2 1 170 172 173 LOR
2 1 12 44 174 XOR
1 1 12 175 INV
2 1 175 44 176 AND
1 1 174 177 INV
2 1 177 173 178 AND
2 1 176 178 179 LOR
2 1 11 43 180 XOR
1 1 11 181 INV
2 1 181 43 182 AND
1 1 180 183 INV
2 1 183 179 184 AND
2 1 182 184 185 LOR
2 1 10 42 186 XOR
1 1 10 187 INV
2 1 187 42 188 AND
1 1 186 189 INV
2 1 189 185 190 AND
2 1 188 190 191 LOR
2 1 9 41 192 XOR
1 1 9 193 INV
2 1 193 41 194 AND
1 1 192 195 INV
2 1 195 191 196 AND
2 1 194 196 197 LOR
2 1 8 40 198 XOR
1 1 8 199 INV
2 1 199 40 200 AND
1 1 198 201 INV
2 1 201 197 202 AND
2 1 200 202 203 LOR
2 1 7 39 204 XOR
1 1 7 205 INV
2 1 205 39 206 AND
1 1 204 207 INV
2 1 207 203 208 AND
2 1 206 208 209 LOR
2 1 6 38 210 XOR
1 1 6 211 INV
2 1 211 38 212 AND
1 1 210 213 INV
2 1 213 209 214 AND
2 1 212 214 215 LOR
2 1 5 37 216 XOR
1 1 5 217 INV
2 1 217 37 218 AND
1 1 216 219 INV
2 1 219 215 220 AND
2 1 218 220 221 LOR
2 1 4 36 222 XOR
1 1 4 223 INV
2 1 223 36 224 AND
1 1 222 225 INV
2 1 225 221 226 AND
2 1 224 226 227 LOR
2 1 3 35 228 XOR
1 1 3 229 INV
2 1 229 35 230 AND
1 1 228 231 INV
2 1 231 227 232 AND
2 1 230 232 233 LOR
2 1 2 34 234 XOR
1 1 2 235 INV
2 1 235 34 236 AND
1 1 234 237 INV
2 1 237 233 238 AND
2 1 236 238 239 LOR
2 1 1 33 240 XOR
1 1 1 241 INV
2 1 241 33 242 AND
1 1 240 243 INV
2 1 243 239 244 AND
2 1 242 244 245 LOR
2 1 0 32 246 XOR
1 1 0 247 INV
2 1 247 32 248 AND
1 1 246 249 INV
2 1 249 245 250 AND
2 1 248 250 251 LOR
2 1 251 32 252 AND
1 1 251 253 INV
2 1 253 0 254 AND
2 1 251 33 255 AND
1 1 251 256 INV
2 1 256 1 257 AND
2 1 251 34 258 AND
1 1 251 259 INV
2 1 259 2 260 AND
2 1 251 35 261 AND
1 1 251 262 INV
2 1 262 3 263 AND
2 1 251 36 264 AND
1 1 251 265 INV
2 1 265 4 266 AND
2 1 251 37 267 AND
1 1 251 268 INV
2 1 268 5 269 AND
2 1 251 38 270 AND
1 1 251 271 INV
2 1 271 6 272 AND
2 1 251 39 273 AND
1 1 251 274 INV
2 1 274 7 275 AND
2 1 251 40 276 AND
1 1 251 277 INV
2 1 277 8 278 AND
2 1 251 41 279 AND
1 1 251 280 INV
2 1 280 9 281 AND
2 1 251 42 282 AND
1 1 251 283 INV
2 1 283 10 284 AND
2 1 251 43 285 AND
1 1 251 286 INV
2 1 286 11 287 AND
2 1 251 44 288 AND
1 1 251 289 INV
2 1 289 12 290 AND
2 1 251 45 291 AND
1 1 251 292 INV
2 1 292 13 293 AND
2 1 251 46 294 AND
1 1 251 295 INV
2 1 295 14 296 AND
2 1 251 47 297 AND
1 1 251 298 INV
2 1 298 15 299 AND
2 1 251 48 300 AND
1 1 251 301 INV
2 1 301 16 302 AND
2 1 251 49 303 AND
1 1 251 304 INV
2 1 304 17 305 AND
2 1 251 50 306 AND
1 1 251 307 INV
2 1 307 18 308 AND
2 1 251 51 309 AND
1 1 251 310 INV
2 1 310 19 311 AND
2 1 251 52 312 AND
1 1 251 313 INV
2 1 313 20 314 AND
2 1 251 53 315 AND
1 1 251 316 INV
2 1 316 21 317 AND
2 1 251 54 318 AND
1 1 251 319 INV
2 1 319 22 320 AND
2 1 251 55 321 AND
1 1 251 322 INV
2 1 322 23 323 AND
2 1 251 56 324 AND
1 1 251 325 INV
2 1 325 24 326 AND
2 1 251 57 327 AND
1 1 251 328 INV
2 1 328 25 329 AND
2 1 251 58 330 AND
1 1 251 331 INV
2 1 331 26 332 AND
2 1 251 59 333 AND
1 1 251 334 INV
2 1 334 27 335 AND
2 1 251 60 336 AND
1 1 251 337 INV
2 1 337 28 338 AND
2 1 251 61 339 AND
1 1 251 340 INV
2 1 340 29 341 AND
2 1 251 62 342 AND
1 1 251 343 INV
2 1 343 30 344 AND
2 1 251 63 345 AND
1 1 251 346 INV
2 1 346 31 347 AND
2 1 252 254 348 XOR
2 1 255 257 349 XOR
2 1 258 260 350 XOR
2 1 261 263 351 XOR
2 1 264 266 352 XOR
2 1 267 269 353 XOR
2 1 270 272 354 XOR
2 1 273 275 355 XOR
2 1 276 278 356 XOR
2 1 279 281 357 XOR
2 1 282 284 358 XOR
2 1 285 287 359 XOR
2 1 288 290 360 XOR
2 1 291 293 361 XOR
2 1 294 296 362 XOR
2 1 297 299 363 XOR
2 1 300 302 364 XOR
2 1 303 305 365 XOR
2 1 306 308 366 XOR
2 1 309 311 367 XOR
2 1 312 314 368 XOR
2 1 315 317 369 XOR
2 1 318 320 370 XOR
2 1 321 323 371 XOR
2 1 324 326 372 XOR
2 1 327 329 373 XOR
2 1 330 332 374 XOR
2 1 333 335 375 XOR
2 1 336 338 376 XOR
2 1 339 341 377 XOR
2 1 342 344 378 XOR
2 1 345 347 379 XOR