136 152
2 8 8
1 8
2 1 0 15 16 AND
2 1 1 15 17 AND
2 1 2 15 18 AND
2 1 3 15 19 AND
2 1 4 15 20 AND
2 1 5 15 21 AND
2 1 6 15 22 AND
2 1 1 14 23 AND
2 1 2 14 24 AND
2 1 3 14 25 AND
2 1 4 14 26 AND
2 1 5 14 27 AND
2 1 6 14 28 AND
2 1 7 14 29 AND
2 1 2 13 30 AND
2 1 3 13 31 AND
2 1 4 13 32 AND
2 1 5 13 33 AND
2 1 6 13 34 AND
2 1 7 13 35 AND
2 1 3 12 36 AND
2 1 4 12 37 AND
2 1 5 12 38 AND
2 1 6 12 39 AND
2 1 7 12 40 AND
2 1 4 11 41 AND
2 1 5 11 42 AND
2 1 6 11 43 AND
2 1 7 11 44 AND
2 1 5 10 45 AND
2 1 6 10 46 AND
2 1 7 10 47 AND
2 1 6 9 48 AND
2 1 7 9 49 AND
2 1 7 8 50 AND
2 1 22 29 51 AND
2 1 21 28 52 XOR
2 1 52 51 53 XOR
2 1 21 28 54 AND
2 1 52 51 55 AND
2 1 54 55 56 LOR
2 1 20 27 57 XOR
2 1 57 56 58 XOR
2 1 20 27 59 AND
2 1 57 56 60 AND
2 1 59 60 61 LOR
2 1 19 26 62 XOR
2 1 62 61 63 XOR
2 1 19 26 64 AND
2 1 62 61 65 AND
2 1 64 65 66 LOR
2 1 18 25 67 XOR
2 1 67 66 68 XOR
2 1 18 25 69 AND
2 1 67 66 70 AND
2 1 69 70 71 LOR
2 1 17 24 72 XOR
2 1 72 71 73 XOR
2 1 17 24 74 AND
2 1 72 71 75 AND
2 1 74 75 76 LOR
2 1 16 23 77 XOR
2 1 77 76 78 XOR
2 1 34 40 79 XOR
2 1 34 40 80 AND
2 1 33 39 81 XOR
2 1 81 80 82 XOR
2 1 33 39 83 AND
2 1 81 80 84 AND
2 1 83 84 85 LOR
2 1 32 38 86 XOR
2 1 86 85 87 XOR
2 1 32 38 88 AND
2 1 86 85 89 AND
2 1 88 89 90 LOR
2 1 31 37 91 XOR
2 1 91 90 92 XOR
2 1 31 37 93 AND
2 1 91 90 94 AND
2 1 93 94 95 LOR
2 1 30 36 96 XOR
2 1 96 95 97 XOR
2 1 53 35 98 AND
2 1 58 79 99 XOR
2 1 58 79 100 AND
2 1 99 98 101 AND
2 1 100 101 102 LOR
2 1 63 82 103 XOR
2 1 103 102 104 XOR
2 1 63 82 105 AND
2 1 103 102 106 AND
2 1 105 106 107 LOR
2 1 68 87 108 XOR
2 1 108 107 109 XOR
2 1 68 87 110 AND
2 1 108 107 111 AND
2 1 110 111 112 LOR
2 1 73 92 113 XOR
2 1 113 112 114 XOR
2 1 73 92 115 AND
2 1 113 112 116 AND
2 1 115 116 117 LOR
2 1 78 97 118 XOR
2 1 118 117 119 XOR
2 1 43 47 120 XOR
2 1 43 47 121 AND
2 1 42 46 122 XOR
2 1 122 121 123 XOR
2 1 42 46 124 AND
2 1 122 121 125 AND
2 1 124 125 126 LOR
2 1 41 45 127 XOR
2 1 127 126 128 XOR
2 1 48 50 129 XOR
2 1 123 49 130 XOR
2 1 123 49 131 AND
2 1 128 129 132 XOR
2 1 132 131 133 XOR
2 1 104 44 134 AND
2 1 109 120 135 XOR
2 1 109 120 136 AND
2 1 135 134 137 AND
2 1 136 137 138 LOR
2 1 114 130 139 XOR
2 1 114 130 140 AND
2 1 139 138 141 AND
2 1 140 141 142 LOR
2 1 119 133 143 XOR
2 1 143 142 144 XOR
2 1 139 138 145 XOR
2 1 135 134 146 XOR
2 1 104 44 147 XOR
2 1 99 98 148 XOR
2 1 53 35 149 XOR
2 1 22 29 150 XOR
2 1 7 15 151 AND