154 218
2 32 32
1 32
2 1 31 63 64 AND
2 1 30 62 65 XOR
2 1 30 62 66 AND
2 1 65 64 67 AND
2 1 66 67 68 LOR
2 1 29 61 69 XOR
2 1 29 61 70 AND
2 1 69 68 71 AND
2 1 70 71 72 LOR
2 1 28 60 73 XOR
2 1 28 60 74 AND
2 1 73 72 75 AND
2 1 74 75 76 LOR
2 1 27 59 77 XOR
2 1 27 59 78 AND
2 1 77 76 79 AND
2 1 78 79 80 LOR
2 1 26 58 81 XOR
2 1 26 58 82 AND
2 1 81 80 83 AND
2 1 82 83 84 LOR
2 1 25 57 85 XOR
2 1 25 57 86 AND
2 1 85 84 87 AND
2 1 86 87 88 LOR
2 1 24 56 89 XOR
2 1 24 56 90 AND
2 1 89 88 91 AND
2 1 90 91 92 LOR
2 1 23 55 93 XOR
2 1 23 55 94 AND
2 1 93 92 95 AND
2 1 94 95 96 LOR
2 1 22 54 97 XOR
2 1 22 54 98 AND
2 1 97 96 99 AND
2 1 98 99 100 LOR
2 1 21 53 101 XOR
2 1 21 53 102 AND
2 1 101 100 103 AND
2 1 102 103 104 LOR
2 1 20 52 105 XOR
2 1 20 52 106 AND
2 1 105 104 107 AND
2 1 106 107 108 LOR
2 1 19 51 109 XOR
2 1 19 51 110 AND
2 1 109 108 111 AND
2 1 110 111 112 LOR
2 1 18 50 113 XOR
2 1 18 50 114 AND
2 1 113 112 115 AND
2 1 114 115 116 LOR
2 1 17 49 117 XOR
2 1 17 49 118 AND
2 1 117 116 119 AND
2 1 118 119 120 LOR
2 1 16 48 121 XOR
2 1 16 48 122 AND
2 1 121 120 123 AND
2 1 122 123 124 LOR
2 1 15 47 125 XOR
2 1 15 47 126 AND
2 1 125 124 127 AND
2 1 126 127 128 LOR
2 1 14 46 129 XOR
2 1 14 46 130 AND
2 1 129 128 131 AND
2 1 130 131 132 LOR
2 1 13 45 133 XOR
2 1 13 45 134 AND
2 1 133 132 135 AND
2 1 134 135 136 LOR
2 1 12 44 137 XOR
2 1 12 44 138 AND
2 1 137 136 139 AND
2 1 138 139 140 LOR
2 1 11 43 141 XOR
2 1 11 43 142 AND
2 1 141 140 143 AND
2 1 142 143 144 LOR
2 1 10 42 145 XOR
2 1 10 42 146 AND
2 1 145 144 147 AND
2 1 146 147 148 LOR
2 1 9 41 149 XOR
2 1 9 41 150 AND
2 1 149 148 151 AND
2 1 150 151 152 LOR
2 1 8 40 153 XOR
2 1 8 40 154 AND
2 1 153 152 155 AND
2 1 154 155 156 LOR
2 1 7 39 157 XOR
2 1 7 39 158 AND
2 1 157 156 159 AND
2 1 158 159 160 LOR
2 1 6 38 161 XOR
2 1 6 38 162 AND
2 1 161 160 163 AND
2 1 162 163 164 LOR
2 1 5 37 165 XOR
2 1 5 37 166 AND
2 1 165 164 167 AND
2 1 166 167 168 LOR
2 1 4 36 169 XOR
2 1 4 36 170 AND
2 1 169 168 171 AND
2 1 170 171 172 LOR
2 1 3 35 173 XOR
2 1 3 35 174 AND
2 1 173 172 175 AND
2 1 174 175 176 LOR
2 1 2 34 177 XOR
2 1 2 34 178 AND
2 1 177 176 179 AND
2 1 178 179 180 LOR
2 1 1 33 181 XOR
2 1 1 33 182 AND
2 1 181 180 183 AND
2 1 182 183 184 LOR
2 1 0 32 185 XOR
2 1 185 184 186 XOR
2 1 181 180 187 XOR
2 1 177 176 188 XOR
2 1 173 172 189 XOR
2 1 169 168 190 XOR
2 1 165 164 191 XOR
2 1 161 160 192 XOR
2 1 157 156 193 XOR
2 1 153 152 194 XOR
2 1 149 148 195 XOR
2 1 145 144 196 XOR
2 1 141 140 197 XOR
2 1 137 136 198 XOR
2 1 133 132 199 XOR
2 1 129 128 200 XOR
2 1 125 124 201 XOR
2 1 121 120 202 XOR
2 1 117 116 203 XOR
2 1 113 112 204 XOR
2 1 109 108 205 XOR
2 1 105 104 206 XOR
2 1 101 100 207 XOR
2 1 97 96 208 XOR
2 1 93 92 209 XOR
2 1 89 88 210 XOR
2 1 85 84 211 XOR
2 1 81 80 212 XOR
2 1 77 76 213 XOR
2 1 73 72 214 XOR
2 1 69 68 215 XOR
2 1 65 64 216 XOR
2 1 31 63 217 XOR