582 598
2 8 8
1 8
2 1 0 15 16 XOR
1 1 0 17 INV
2 1 17 15 18 AND
2 1 14 18 19 XOR
1 1 14 20 INV
2 1 20 18 21 AND
2 1 14 21 22 LOR
2 1 13 22 23 XOR
1 1 13 24 INV
2 1 24 22 25 AND
2 1 13 25 26 LOR
2 1 12 26 27 XOR
1 1 12 28 INV
2 1 28 26 29 AND
2 1 12 29 30 LOR
2 1 11 30 31 XOR
1 1 11 32 INV
2 1 32 30 33 AND
2 1 11 33 34 LOR
2 1 10 34 35 XOR
1 1 10 36 INV
2 1 36 34 37 AND
2 1 10 37 38 LOR
2 1 9 38 39 XOR
1 1 9 40 INV
2 1 40 38 41 AND
2 1 9 41 42 LOR
1 1 8 43 INV
2 1 43 42 44 AND
2 1 8 44 45 LOR
1 1 45 46 INV
2 1 46 16 47 AND
1 1 46 48 INV
2 1 48 0 49 AND
2 1 47 49 50 XOR
2 1 46 19 51 AND
2 1 46 23 52 AND
2 1 46 27 53 AND
2 1 46 31 54 AND
2 1 46 35 55 AND
2 1 46 39 56 AND
2 1 1 15 57 XOR
1 1 1 58 INV
2 1 58 15 59 AND
2 1 50 14 60 XOR
2 1 60 59 61 XOR
1 1 50 62 INV
2 1 62 14 63 AND
1 1 60 64 INV
2 1 64 59 65 AND
2 1 63 65 66 LOR
2 1 51 13 67 XOR
2 1 67 66 68 XOR
1 1 51 69 INV
2 1 69 13 70 AND
1 1 67 71 INV
2 1 71 66 72 AND
2 1 70 72 73 LOR
2 1 52 12 74 XOR
2 1 74 73 75 XOR
1 1 52 76 INV
2 1 76 12 77 AND
1 1 74 78 INV
2 1 78 73 79 AND
2 1 77 79 80 LOR
2 1 53 11 81 XOR
2 1 81 80 82 XOR
1 1 53 83 INV
2 1 83 11 84 AND
1 1 81 85 INV
2 1 85 80 86 AND
2 1 84 86 87 LOR
2 1 54 10 88 XOR
2 1 88 87 89 XOR
1 1 54 90 INV
2 1 90 10 91 AND
1 1 88 92 INV
2 1 92 87 93 AND
2 1 91 93 94 LOR
2 1 55 9 95 XOR
2 1 95 94 96 XOR
1 1 55 97 INV
2 1 97 9 98 AND
1 1 95 99 INV
2 1 99 94 100 AND
2 1 98 100 101 LOR
2 1 56 8 102 XOR
1 1 56 103 INV
2 1 103 8 104 AND
1 1 102 105 INV
2 1 105 101 106 AND
2 1 104 106 107 LOR
1 1 107 108 INV
2 1 108 57 109 AND
1 1 108 110 INV
2 1 110 1 111 AND
2 1 109 111 112 XOR
2 1 108 61 113 AND
1 1 108 114 INV
2 1 114 50 115 AND
2 1 113 115 116 XOR
2 1 108 68 117 AND
1 1 108 118 INV
2 1 118 51 119 AND
2 1 117 119 120 XOR
2 1 108 75 121 AND
1 1 108 122 INV
2 1 122 52 123 AND
2 1 121 123 124 XOR
2 1 108 82 125 AND
1 1 108 126 INV
2 1 126 53 127 AND
2 1 125 127 128 XOR
2 1 108 89 129 AND
1 1 108 130 INV
2 1 130 54 131 AND
2 1 129 131 132 XOR
2 1 108 96 133 AND
1 1 108 134 INV
2 1 134 55 135 AND
2 1 133 135 136 XOR
2 1 2 15 137 XOR
1 1 2 138 INV
2 1 138 15 139 AND
2 1 112 14 140 XOR
2 1 140 139 141 XOR
1 1 112 142 INV
2 1 142 14 143 AND
1 1 140 144 INV
2 1 144 139 145 AND
2 1 143 145 146 LOR
2 1 116 13 147 XOR
2 1 147 146 148 XOR
1 1 116 149 INV
2 1 149 13 150 AND
1 1 147 151 INV
2 1 151 146 152 AND
2 1 150 152 153 LOR
2 1 120 12 154 XOR
2 1 154 153 155 XOR
1 1 120 156 INV
2 1 156 12 157 AND
1 1 154 158 INV
2 1 158 153 159 AND
2 1 157 159 160 LOR
2 1 124 11 161 XOR
2 1 161 160 162 XOR
1 1 124 163 INV
2 1 163 11 164 AND
1 1 161 165 INV
2 1 165 160 166 AND
2 1 164 166 167 LOR
2 1 128 10 168 XOR
2 1 168 167 169 XOR
1 1 128 170 INV
2 1 170 10 171 AND
1 1 168 172 INV
2 1 172 167 173 AND
2 1 171 173 174 LOR
2 1 132 9 175 XOR
2 1 175 174 176 XOR
1 1 132 177 INV
2 1 177 9 178 AND
1 1 175 179 INV
2 1 179 174 180 AND
2 1 178 180 181 LOR
2 1 136 8 182 XOR
1 1 136 183 INV
2 1 183 8 184 AND
1 1 182 185 INV
2 1 185 181 186 AND
2 1 184 186 187 LOR
1 1 187 188 INV
2 1 188 137 189 AND
1 1 188 190 INV
2 1 190 2 191 AND
2 1 189 191 192 XOR
2 1 188 141 193 AND
1 1 188 194 INV
2 1 194 112 195 AND
2 1 193 195 196 XOR
2 1 188 148 197 AND
1 1 188 198 INV
2 1 198 116 199 AND
2 1 197 199 200 XOR
2 1 188 155 201 AND
1 1 188 202 INV
2 1 202 120 203 AND
2 1 201 203 204 XOR
2 1 188 162 205 AND
1 1 188 206 INV
2 1 206 124 207 AND
2 1 205 207 208 XOR
2 1 188 169 209 AND
1 1 188 210 INV
2 1 210 128 211 AND
2 1 209 211 212 XOR
2 1 188 176 213 AND
1 1 188 214 INV
2 1 214 132 215 AND
2 1 213 215 216 XOR
2 1 3 15 217 XOR
1 1 3 218 INV
2 1 218 15 219 AND
2 1 192 14 220 XOR
2 1 220 219 221 XOR
1 1 192 222 INV
2 1 222 14 223 AND
1 1 220 224 INV
2 1 224 219 225 AND
2 1 223 225 226 LOR
2 1 196 13 227 XOR
2 1 227 226 228 XOR
1 1 196 229 INV
2 1 229 13 230 AND
1 1 227 231 INV
2 1 231 226 232 AND
2 1 230 232 233 LOR
2 1 200 12 234 XOR
2 1 234 233 235 XOR
1 1 200 236 INV
2 1 236 12 237 AND
1 1 234 238 INV
2 1 238 233 239 AND
2 1 237 239 240 LOR
2 1 204 11 241 XOR
2 1 241 240 242 XOR
1 1 204 243 INV
2 1 243 11 244 AND
1 1 241 245 INV
2 1 245 240 246 AND
2 1 244 246 247 LOR
2 1 208 10 248 XOR
2 1 248 247 249 XOR
1 1 208 250 INV
2 1 250 10 251 AND
1 1 248 252 INV
2 1 252 247 253 AND
2 1 251 253 254 LOR
2 1 212 9 255 XOR
2 1 255 254 256 XOR
1 1 212 257 INV
2 1 257 9 258 AND
1 1 255 259 INV
2 1 259 254 260 AND
2 1 258 260 261 LOR
2 1 216 8 262 XOR
1 1 216 263 INV
2 1 263 8 264 AND
1 1 262 265 INV
2 1 265 261 266 AND
2 1 264 266 267 LOR
1 1 267 268 INV
2 1 268 217 269 AND
1 1 268 270 INV
2 1 270 3 271 AND
2 1 269 271 272 XOR
2 1 268 221 273 AND
1 1 268 274 INV
2 1 274 192 275 AND
2 1 273 275 276 XOR
2 1 268 228 277 AND
1 1 268 278 INV
2 1 278 196 279 AND
2 1 277 279 280 XOR
2 1 268 235 281 AND
1 1 268 282 INV
2 1 282 200 283 AND
2 1 281 283 284 XOR
2 1 268 242 285 AND
1 1 268 286 INV
2 1 286 204 287 AND
2 1 285 287 288 XOR
2 1 268 249 289 AND
1 1 268 290 INV
2 1 290 208 291 AND
2 1 289 291 292 XOR
2 1 268 256 293 AND
1 1 268 294 INV
2 1 294 212 295 AND
2 1 293 295 296 XOR
2 1 4 15 297 XOR
1 1 4 298 INV
2 1 298 15 299 AND
2 1 272 14 300 XOR
2 1 300 299 301 XOR
1 1 272 302 INV
2 1 302 14 303 AND
1 1 300 304 INV
2 1 304 299 305 AND
2 1 303 305 306 LOR
2 1 276 13 307 XOR
2 1 307 306 308 XOR
1 1 276 309 INV
2 1 309 13 310 AND
1 1 307 311 INV
2 1 311 306 312 AND
2 1 310 312 313 LOR
2 1 280 12 314 XOR
2 1 314 313 315 XOR
1 1 280 316 INV
2 1 316 12 317 AND
1 1 314 318 INV
2 1 318 313 319 AND
2 1 317 319 320 LOR
2 1 284 11 321 XOR
2 1 321 320 322 XOR
1 1 284 323 INV
2 1 323 11 324 AND
1 1 321 325 INV
2 1 325 320 326 AND
2 1 324 326 327 LOR
2 1 288 10 328 XOR
2 1 328 327 329 XOR
1 1 288 330 INV
2 1 330 10 331 AND
1 1 328 332 INV
2 1 332 327 333 AND
2 1 331 333 334 LOR
2 1 292 9 335 XOR
2 1 335 334 336 XOR
1 1 292 337 INV
2 1 337 9 338 AND
1 1 335 339 INV
2 1 339 334 340 AND
2 1 338 340 341 LOR
2 1 296 8 342 XOR
1 1 296 343 INV
2 1 343 8 344 AND
1 1 342 345 INV
2 1 345 341 346 AND
2 1 344 346 347 LOR
1 1 347 348 INV
2 1 348 297 349 AND
1 1 348 350 INV
2 1 350 4 351 AND
2 1 349 351 352 XOR
2 1 348 301 353 AND
1 1 348 354 INV
2 1 354 272 355 AND
2 1 353 355 356 XOR
2 1 348 308 357 AND
1 1 348 358 INV
2 1 358 276 359 AND
2 1 357 359 360 XOR
2 1 348 315 361 AND
1 1 348 362 INV
2 1 362 280 363 AND
2 1 361 363 364 XOR
2 1 348 322 365 AND
1 1 348 366 INV
2 1 366 284 367 AND
2 1 365 367 368 XOR
2 1 348 329 369 AND
1 1 348 370 INV
2 1 370 288 371 AND
2 1 369 371 372 XOR
2 1 348 336 373 AND
1 1 348 374 INV
2 1 374 292 375 AND
2 1 373 375 376 XOR
2 1 5 15 377 XOR
1 1 5 378 INV
2 1 378 15 379 AND
2 1 352 14 380 XOR
2 1 380 379 381 XOR
1 1 352 382 INV
2 1 382 14 383 AND
1 1 380 384 INV
2 1 384 379 385 AND
2 1 383 385 386 LOR
2 1 356 13 387 XOR
2 1 387 386 388 XOR
1 1 356 389 INV
2 1 389 13 390 AND
1 1 387 391 INV
2 1 391 386 392 AND
2 1 390 392 393 LOR
2 1 360 12 394 XOR
2 1 394 393 395 XOR
1 1 360 396 INV
2 1 396 12 397 AND
1 1 394 398 INV
2 1 398 393 399 AND
2 1 397 399 400 LOR
2 1 364 11 401 XOR
2 1 401 400 402 XOR
1 1 364 403 INV
2 1 403 11 404 AND
1 1 401 405 INV
2 1 405 400 406 AND
2 1 404 406 407 LOR
2 1 368 10 408 XOR
2 1 408 407 409 XOR
1 1 368 410 INV
2 1 410 10 411 AND
1 1 408 412 INV
2 1 412 407 413 AND
2 1 411 413 414 LOR
2 1 372 9 415 XOR
2 1 415 414 416 XOR
1 1 372 417 INV
2 1 417 9 418 AND
1 1 415 419 INV
2 1 419 414 420 AND
2 1 418 420 421 LOR
2 1 376 8 422 XOR
1 1 376 423 INV
2 1 423 8 424 AND
1 1 422 425 INV
2 1 425 421 426 AND
2 1 424 426 427 LOR
1 1 427 428 INV
2 1 428 377 429 AND
1 1 428 430 INV
2 1 430 5 431 AND
2 1 429 431 432 XOR
2 1 428 381 433 AND
1 1 428 434 INV
2 1 434 352 435 AND
2 1 433 435 436 XOR
2 1 428 388 437 AND
1 1 428 438 INV
2 1 438 356 439 AND
2 1 437 439 440 XOR
2 1 428 395 441 AND
1 1 428 442 INV
2 1 442 360 443 AND
2 1 441 443 444 XOR
2 1 428 402 445 AND
1 1 428 446 INV
2 1 446 364 447 AND
2 1 445 447 448 XOR
2 1 428 409 449 AND
1 1 428 450 INV
2 1 450 368 451 AND
2 1 449 451 452 XOR
2 1 428 416 453 AND
1 1 428 454 INV
2 1 454 372 455 AND
2 1 453 455 456 XOR
2 1 6 15 457 XOR
1 1 6 458 INV
2 1 458 15 459 AND
2 1 432 14 460 XOR
2 1 460 459 461 XOR
1 1 432 462 INV
2 1 462 14 463 AND
1 1 460 464 INV
2 1 464 459 465 AND
2 1 463 465 466 LOR
2 1 436 13 467 XOR
2 1 467 466 468 XOR
1 1 436 469 INV
2 1 469 13 470 AND
1 1 467 471 INV
2 1 471 466 472 AND
2 1 470 472 473 LOR
2 1 440 12 474 XOR
2 1 474 473 475 XOR
1 1 440 476 INV
2 1 476 12 477 AND
1 1 474 478 INV
2 1 478 473 479 AND
2 1 477 479 480 LOR
2 1 444 11 481 XOR
2 1 481 480 482 XOR
1 1 444 483 INV
2 1 483 11 484 AND
1 1 481 485 INV
2 1 485 480 486 AND
2 1 484 486 487 LOR
2 1 448 10 488 XOR
2 1 488 487 489 XOR
1 1 448 490 INV
2 1 490 10 491 AND
1 1 488 492 INV
2 1 492 487 493 AND
2 1 491 493 494 LOR
2 1 452 9 495 XOR
2 1 495 494 496 XOR
1 1 452 497 INV
2 1 497 9 498 AND
1 1 495 499 INV
2 1 499 494 500 AND
2 1 498 500 501 LOR
2 1 456 8 502 XOR
1 1 456 503 INV
2 1 503 8 504 AND
1 1 502 505 INV
2 1 505 501 506 AND
2 1 504 506 507 LOR
1 1 507 508 INV
2 1 508 457 509 AND
1 1 508 510 INV
2 1 510 6 511 AND
2 1 509 511 512 XOR
2 1 508 461 513 AND
1 1 508 514 INV
2 1 514 432 515 AND
2 1 513 515 516 XOR
2 1 508 468 517 AND
1 1 508 518 INV
2 1 518 436 519 AND
2 1 517 519 520 XOR
2 1 508 475 521 AND
1 1 508 522 INV
2 1 522 440 523 AND
2 1 521 523 524 XOR
2 1 508 482 525 AND
1 1 508 526 INV
2 1 526 444 527 AND
2 1 525 527 528 XOR
2 1 508 489 529 AND
1 1 508 530 INV
2 1 530 448 531 AND
2 1 529 531 532 XOR
2 1 508 496 533 AND
1 1 508 534 INV
2 1 534 452 535 AND
2 1 533 535 536 XOR
1 1 7 537 INV
2 1 537 15 538 AND
2 1 512 14 539 XOR
1 1 512 540 INV
2 1 540 14 541 AND
1 1 539 542 INV
2 1 542 538 543 AND
2 1 541 543 544 LOR
2 1 516 13 545 XOR
1 1 516 546 INV
2 1 546 13 547 AND
1 1 545 548 INV
2 1 548 544 549 AND
2 1 547 549 550 LOR
2 1 520 12 551 XOR
1 1 520 552 INV
2 1 552 12 553 AND
1 1 551 554 INV
2 1 554 550 555 AND
2 1 553 555 556 LOR
2 1 524 11 557 XOR
1 1 524 558 INV
2 1 558 11 559 AND
1 1 557 560 INV
2 1 560 556 561 AND
2 1 559 561 562 LOR
2 1 528 10 563 XOR
1 1 528 564 INV
2 1 564 10 565 AND
1 1 563 566 INV
2 1 566 562 567 AND
2 1 565 567 568 LOR
2 1 532 9 569 XOR
1 1 532 570 INV
2 1 570 9 571 AND
1 1 569 572 INV
2 1 572 568 573 AND
2 1 571 573 574 LOR
2 1 536 8 575 XOR
1 1 536 576 INV
2 1 576 8 577 AND
1 1 575 578 INV
2 1 578 574 579 AND
2 1 577 579 580 LOR
1 1 580 581 INV
1 1 46 582 INV
1 1 108 583 INV
1 1 188 584 INV
1 1 268 585 INV
1 1 348 586 INV
1 1 428 587 INV
1 1 508 588 INV
1 1 581 589 INV
1 1 582 590 INV
1 1 583 591 INV
1 1 584 592 INV
1 1 585 593 INV
1 1 586 594 INV
1 1 587 595 INV
1 1 588 596 INV
1 1 589 597 INV