47 63
2 8 8
1 8
1 1 7 16 INV
2 1 16 15 17 AND
2 1 6 14 18 XOR
1 1 6 19 INV
2 1 19 14 20 AND
1 1 18 21 INV
2 1 21 17 22 AND
2 1 20 22 23 LOR
2 1 5 13 24 XOR
1 1 5 25 INV
2 1 25 13 26 AND
1 1 24 27 INV
2 1 27 23 28 AND
2 1 26 28 29 LOR
2 1 4 12 30 XOR
1 1 4 31 INV
2 1 31 12 32 AND
1 1 30 33 INV
2 1 33 29 34 AND
2 1 32 34 35 LOR
2 1 3 11 36 XOR
1 1 3 37 INV
2 1 37 11 38 AND
1 1 36 39 INV
2 1 39 35 40 AND
2 1 38 40 41 LOR
2 1 2 10 42 XOR
1 1 2 43 INV
2 1 43 10 44 AND
1 1 42 45 INV
2 1 45 41 46 AND
2 1 44 46 47 LOR
2 1 1 9 48 XOR
1 1 1 49 INV
2 1 49 9 50 AND
1 1 48 51 INV
2 1 51 47 52 AND
2 1 50 52 53 LOR
2 1 0 8 54 XOR
2 1 54 53 55 XOR
2 1 48 47 56 XOR
2 1 42 41 57 XOR
2 1 36 35 58 XOR
2 1 30 29 59 XOR
2 1 24 23 60 XOR
2 1 18 17 61 XOR
2 1 7 15 62 XOR