215 279
2 32 32
1 32
1 1 31 64 INV
2 1 64 63 65 AND
2 1 30 62 66 XOR
1 1 30 67 INV
2 1 67 62 68 AND
1 1 66 69 INV
2 1 69 65 70 AND
2 1 68 70 71 LOR
2 1 29 61 72 XOR
1 1 29 73 INV
2 1 73 61 74 AND
1 1 72 75 INV
2 1 75 71 76 AND
2 1 74 76 77 LOR
2 1 28 60 78 XOR
1 1 28 79 INV
2 1 79 60 80 AND
1 1 78 81 INV
2 1 81 77 82 AND
2 1 80 82 83 LOR
2 1 27 59 84 XOR
1 1 27 85 INV
2 1 85 59 86 AND
1 1 84 87 INV
2 1 87 83 88 AND
2 1 86 88 89 LOR
2 1 26 58 90 XOR
1 1 26 91 INV
2 1 91 58 92 AND
1 1 90 93 INV
2 1 93 89 94 AND
2 1 92 94 95 LOR
2 1 25 57 96 XOR
1 1 25 97 INV
2 1 97 57 98 AND
1 1 96 99 INV
2 1 99 95 100 AND
2 1 98 100 101 LOR
2 1 24 56 102 XOR
1 1 24 103 INV
2 1 103 56 104 AND
1 1 102 105 INV
2 1 105 101 106 AND
2 1 104 106 107 LOR
2 1 23 55 108 XOR
1 1 23 109 INV
2 1 109 55 110 AND
1 1 108 111 INV
2 1 111 107 112 AND
2 1 110 112 113 LOR
2 1 22 54 114 XOR
1 1 22 115 INV
2 1 115 54 116 AND
1 1 114 117 INV
2 1 117 113 118 AND
2 1 116 118 119 LOR
2 1 21 53 120 XOR
1 1 21 121 INV
2 1 121 53 122 AND
1 1 120 123 INV
2 1 123 119 124 AND
2 1 122 124 125 LOR
2 1 20 52 126 XOR
1 1 20 127 INV
2 1 127 52 128 AND
1 1 126 129 INV
2 1 129 125 130 AND
2 1 128 130 131 LOR
2 1 19 51 132 XOR
1 1 19 133 INV
2 1 133 51 134 AND
1 1 132 135 INV
2 1 135 131 136 AND
2 1 134 136 137 LOR
2 1 18 50 138 XOR
1 1 18 139 INV
2 1 139 50 140 AND
1 1 138 141 INV
2 1 141 137 142 AND
2 1 140 142 143 LOR
2 1 17 49 144 XOR
1 1 17 145 INV
2 1 145 49 146 AND
1 1 144 147 INV
2 1 147 143 148 AND
2 1 146 148 149 LOR
2 1 16 48 150 XOR
1 1 16 151 INV
2 1 151 48 152 AND
1 1 150 153 INV
2 1 153 149 154 AND
2 1 152 154 155 LOR
2 1 15 47 156 XOR
1 1 15 157 INV
2 1 157 47 158 AND
1 1 156 159 INV
2 1 159 155 160 AND
2 1 158 160 161 LOR
2 1 14 46 162 XOR
1 1 14 163 INV
2 1 163 46 164 AND
1 1 162 165 INV
2 1 165 161 166 AND
2 1 164 166 167 LOR
2 1 13 45 168 XOR
1 1 13 169 INV
2 1 169 45 170 AND
1 1 168 171 INV
2 1 171 167 172 AND
2 1 170 172 173 LOR
2 1 12 44 174 XOR
1 1 12 175 INV
2 1 175 44 176 AND
1 1 174 177 INV
2 1 177 173 178 AND
2 1 176 178 179 LOR
2 1 11 43 180 XOR
1 1 11 181 INV
2 1 181 43 182 AND
1 1 180 183 INV
2 1 183 179 184 AND
2 1 182 184 185 LOR
2 1 10 42 186 XOR
1 1 10 187 INV
2 1 187 42 188 AND
1 1 186 189 INV
2 1 189 185 190 AND
2 1 188 190 191 LOR
2 1 9 41 192 XOR
1 1 9 193 INV
2 1 193 41 194 AND
1 1 192 195 INV
2 1 195 191 196 AND
2 1 194 196 197 LOR
2 1 8 40 198 XOR
1 1 8 199 INV
2 1 199 40 200 AND
1 1 198 201 INV
2 1 201 197 202 AND
2 1 200 202 203 LOR
2 1 7 39 204 XOR
1 1 7 205 INV
2 1 205 39 206 AND
1 1 204 207 INV
2 1 207 203 208 AND
2 1 206 208 209 LOR
2 1 6 38 210 XOR
1 1 6 211 INV
2 1 211 38 212 AND
1 1 210 213 INV
2 1 213 209 214 AND
2 1 212 214 215 LOR
2 1 5 37 216 XOR
1 1 5 217 INV
2 1 217 37 218 AND
1 1 216 219 INV
2 1 219 215 220 AND
2 1 218 220 221 LOR
2 1 4 36 222 XOR
1 1 4 223 INV
2 1 223 36 224 AND
1 1 222 225 INV
2 1 225 221 226 AND
2 1 224 226 227 LOR
2 1 3 35 228 XOR
1 1 3 229 INV
2 1 229 35 230 AND
1 1 228 231 INV
2 1 231 227 232 AND
2 1 230 232 233 LOR
2 1 2 34 234 XOR
1 1 2 235 INV
2 1 235 34 236 AND
1 1 234 237 INV
2 1 237 233 238 AND
2 1 236 238 239 LOR
2 1 1 33 240 XOR
1 1 1 241 INV
2 1 241 33 242 AND
1 1 240 243 INV
2 1 243 239 244 AND
2 1 242 244 245 LOR
2 1 0 32 246 XOR
2 1 246 245 247 XOR
2 1 240 239 248 XOR
2 1 234 233 249 XOR
2 1 228 227 250 XOR
2 1 222 221 251 XOR
2 1 216 215 252 XOR
2 1 210 209 253 XOR
2 1 204 203 254 XOR
2 1 198 197 255 XOR
2 1 192 191 256 XOR
2 1 186 185 257 XOR
2 1 180 179 258 XOR
2 1 174 173 259 XOR
2 1 168 167 260 XOR
2 1 162 161 261 XOR
2 1 156 155 262 XOR
2 1 150 149 263 XOR
2 1 144 143 264 XOR
2 1 138 137 265 XOR
2 1 132 131 266 XOR
2 1 126 125 267 XOR
2 1 120 119 268 XOR
2 1 114 113 269 XOR
2 1 108 107 270 XOR
2 1 102 101 271 XOR
2 1 96 95 272 XOR
2 1 90 89 273 XOR
2 1 84 83 274 XOR
2 1 78 77 275 XOR
2 1 72 71 276 XOR
2 1 66 65 277 XOR
2 1 31 63 278 XOR