497 625
4 32 32 32 32
1 1
2 1 31 63 128 XOR
2 1 31 63 129 AND
2 1 30 62 130 XOR
2 1 130 129 131 XOR
2 1 30 62 132 AND
2 1 130 129 133 AND
2 1 132 133 134 LOR
2 1 29 61 135 XOR
2 1 135 134 136 XOR
2 1 29 61 137 AND
2 1 135 134 138 AND
2 1 137 138 139 LOR
2 1 28 60 140 XOR
2 1 140 139 141 XOR
2 1 28 60 142 AND
2 1 140 139 143 AND
2 1 142 143 144 LOR
2 1 27 59 145 XOR
2 1 145 144 146 XOR
2 1 27 59 147 AND
2 1 145 144 148 AND
2 1 147 148 149 LOR
2 1 26 58 150 XOR
2 1 150 149 151 XOR
2 1 26 58 152 AND
2 1 150 149 153 AND
2 1 152 153 154 LOR
2 1 25 57 155 XOR
2 1 155 154 156 XOR
2 1 25 57 157 AND
2 1 155 154 158 AND
2 1 157 158 159 LOR
2 1 24 56 160 XOR
2 1 160 159 161 XOR
2 1 24 56 162 AND
2 1 160 159 163 AND
2 1 162 163 164 LOR
2 1 23 55 165 XOR
2 1 165 164 166 XOR
2 1 23 55 167 AND
2 1 165 164 168 AND
2 1 167 168 169 LOR
2 1 22 54 170 XOR
2 1 170 169 171 XOR
2 1 22 54 172 AND
2 1 170 169 173 AND
2 1 172 173 174 LOR
2 1 21 53 175 XOR
2 1 175 174 176 XOR
2 1 21 53 177 AND
2 1 175 174 178 AND
2 1 177 178 179 LOR
2 1 20 52 180 XOR
2 1 180 179 181 XOR
2 1 20 52 182 AND
2 1 180 179 183 AND
2 1 182 183 184 LOR
2 1 19 51 185 XOR
2 1 185 184 186 XOR
2 1 19 51 187 AND
2 1 185 184 188 AND
2 1 187 188 189 LOR
2 1 18 50 190 XOR
2 1 190 189 191 XOR
2 1 18 50 192 AND
2 1 190 189 193 AND
2 1 192 193 194 LOR
2 1 17 49 195 XOR
2 1 195 194 196 XOR
2 1 17 49 197 AND
2 1 195 194 198 AND
2 1 197 198 199 LOR
2 1 16 48 200 XOR
2 1 200 199 201 XOR
2 1 16 48 202 AND
2 1 200 199 203 AND
2 1 202 203 204 LOR
2 1 15 47 205 XOR
2 1 205 204 206 XOR
2 1 15 47 207 AND
2 1 205 204 208 AND
2 1 207 208 209 LOR
2 1 14 46 210 XOR
2 1 210 209 211 XOR
2 1 14 46 212 AND
2 1 210 209 213 AND
2 1 212 213 214 LOR
2 1 13 45 215 XOR
2 1 215 214 216 XOR
2 1 13 45 217 AND
2 1 215 214 218 AND
2 1 217 218 219 LOR
2 1 12 44 220 XOR
2 1 220 219 221 XOR
2 1 12 44 222 AND
2 1 220 219 223 AND
2 1 222 223 224 LOR
2 1 11 43 225 XOR
2 1 225 224 226 XOR
2 1 11 43 227 AND
2 1 225 224 228 AND
2 1 227 228 229 LOR
2 1 10 42 230 XOR
2 1 230 229 231 XOR
2 1 10 42 232 AND
2 1 230 229 233 AND
2 1 232 233 234 LOR
2 1 9 41 235 XOR
2 1 235 234 236 XOR
2 1 9 41 237 AND
2 1 235 234 238 AND
2 1 237 238 239 LOR
2 1 8 40 240 XOR
2 1 240 239 241 XOR
2 1 8 40 242 AND
2 1 240 239 243 AND
2 1 242 243 244 LOR
2 1 7 39 245 XOR
2 1 245 244 246 XOR
2 1 7 39 247 AND
2 1 245 244 248 AND
2 1 247 248 249 LOR
2 1 6 38 250 XOR
2 1 250 249 251 XOR
2 1 6 38 252 AND
2 1 250 249 253 AND
2 1 252 253 254 LOR
2 1 5 37 255 XOR
2 1 255 254 256 XOR
2 1 5 37 257 AND
2 1 255 254 258 AND
2 1 257 258 259 LOR
2 1 4 36 260 XOR
2 1 260 259 261 XOR
2 1 4 36 262 AND
2 1 260 259 263 AND
2 1 262 263 264 LOR
2 1 3 35 265 XOR
2 1 265 264 266 XOR
2 1 3 35 267 AND
2 1 265 264 268 AND
2 1 267 268 269 LOR
2 1 2 34 270 XOR
2 1 270 269 271 XOR
2 1 2 34 272 AND
2 1 270 269 273 AND
2 1 272 273 274 LOR
2 1 1 33 275 XOR
2 1 275 274 276 XOR
2 1 1 33 277 AND
2 1 275 274 278 AND
2 1 277 278 279 LOR
2 1 0 32 280 XOR
2 1 280 279 281 XOR
2 1 95 127 282 XOR
2 1 95 127 283 AND
2 1 94 126 284 XOR
2 1 284 283 285 XOR
2 1 94 126 286 AND
2 1 284 283 287 AND
2 1 286 287 288 LOR
2 1 93 125 289 XOR
2 1 289 288 290 XOR
2 1 93 125 291 AND
2 1 289 288 292 AND
2 1 291 292 293 LOR
2 1 92 124 294 XOR
2 1 294 293 295 XOR
2 1 92 124 296 AND
2 1 294 293 297 AND
2 1 296 297 298 LOR
2 1 91 123 299 XOR
2 1 299 298 300 XOR
2 1 91 123 301 AND
2 1 299 298 302 AND
2 1 301 302 303 LOR
2 1 90 122 304 XOR
2 1 304 303 305 XOR
2 1 90 122 306 AND
2 1 304 303 307 AND
2 1 306 307 308 LOR
2 1 89 121 309 XOR
2 1 309 308 310 XOR
2 1 89 121 311 AND
2 1 309 308 312 AND
2 1 311 312 313 LOR
2 1 88 120 314 XOR
2 1 314 313 315 XOR
2 1 88 120 316 AND
2 1 314 313 317 AND
2 1 316 317 318 LOR
2 1 87 119 319 XOR
2 1 319 318 320 XOR
2 1 87 119 321 AND
2 1 319 318 322 AND
2 1 321 322 323 LOR
2 1 86 118 324 XOR
2 1 324 323 325 XOR
2 1 86 118 326 AND
2 1 324 323 327 AND
2 1 326 327 328 LOR
2 1 85 117 329 XOR
2 1 329 328 330 XOR
2 1 85 117 331 AND
2 1 329 328 332 AND
2 1 331 332 333 LOR
2 1 84 116 334 XOR
2 1 334 333 335 XOR
2 1 84 116 336 AND
2 1 334 333 337 AND
2 1 336 337 338 LOR
2 1 83 115 339 XOR
2 1 339 338 340 XOR
2 1 83 115 341 AND
2 1 339 338 342 AND
2 1 341 342 343 LOR
2 1 82 114 344 XOR
2 1 344 343 345 XOR
2 1 82 114 346 AND
2 1 344 343 347 AND
2 1 346 347 348 LOR
2 1 81 113 349 XOR
2 1 349 348 350 XOR
2 1 81 113 351 AND
2 1 349 348 352 AND
2 1 351 352 353 LOR
2 1 80 112 354 XOR
2 1 354 353 355 XOR
2 1 80 112 356 AND
2 1 354 353 357 AND
2 1 356 357 358 LOR
2 1 79 111 359 XOR
2 1 359 358 360 XOR
2 1 79 111 361 AND
2 1 359 358 362 AND
2 1 361 362 363 LOR
2 1 78 110 364 XOR
2 1 364 363 365 XOR
2 1 78 110 366 AND
2 1 364 363 367 AND
2 1 366 367 368 LOR
2 1 77 109 369 XOR
2 1 369 368 370 XOR
2 1 77 109 371 AND
2 1 369 368 372 AND
2 1 371 372 373 LOR
2 1 76 108 374 XOR
2 1 374 373 375 XOR
2 1 76 108 376 AND
2 1 374 373 377 AND
2 1 376 377 378 LOR
2 1 75 107 379 XOR
2 1 379 378 380 XOR
2 1 75 107 381 AND
2 1 379 378 382 AND
2 1 381 382 383 LOR
2 1 74 106 384 XOR
2 1 384 383 385 XOR
2 1 74 106 386 AND
2 1 384 383 387 AND
2 1 386 387 388 LOR
2 1 73 105 389 XOR
2 1 389 388 390 XOR
2 1 73 105 391 AND
2 1 389 388 392 AND
2 1 391 392 393 LOR
2 1 72 104 394 XOR
2 1 394 393 395 XOR
2 1 72 104 396 AND
2 1 394 393 397 AND
2 1 396 397 398 LOR
2 1 71 103 399 XOR
2 1 399 398 400 XOR
2 1 71 103 401 AND
2 1 399 398 402 AND
2 1 401 402 403 LOR
2 1 70 102 404 XOR
2 1 404 403 405 XOR
2 1 70 102 406 AND
2 1 404 403 407 AND
2 1 406 407 408 LOR
2 1 69 101 409 XOR
2 1 409 408 410 XOR
2 1 69 101 411 AND
2 1 409 408 412 AND
2 1 411 412 413 LOR
2 1 68 100 414 XOR
2 1 414 413 415 XOR
2 1 68 100 416 AND
2 1 414 413 417 AND
2 1 416 417 418 LOR
2 1 67 99 419 XOR
2 1 419 418 420 XOR
2 1 67 99 421 AND
2 1 419 418 422 AND
2 1 421 422 423 LOR
2 1 66 98 424 XOR
2 1 424 423 425 XOR
2 1 66 98 426 AND
2 1 424 423 427 AND
2 1 426 427 428 LOR
2 1 65 97 429 XOR
2 1 429 428 430 XOR
2 1 65 97 431 AND
2 1 429 428 432 AND
2 1 431 432 433 LOR
2 1 64 96 434 XOR
2 1 434 433 435 XOR
1 1 128 436 INV
2 1 436 282 437 AND
2 1 131 285 438 XOR
1 1 131 439 INV
2 1 439 285 440 AND
1 1 438 441 INV
2 1 441 437 442 AND
2 1 440 442 443 LOR
2 1 136 290 444 XOR
1 1 136 445 INV
2 1 445 290 446 AND
1 1 444 447 INV
2 1 447 443 448 AND
2 1 446 448 449 LOR
2 1 141 295 450 XOR
1 1 141 451 INV
2 1 451 295 452 AND
1 1 450 453 INV
2 1 453 449 454 AND
2 1 452 454 455 LOR
2 1 146 300 456 XOR
1 1 146 457 INV
2 1 457 300 458 AND
1 1 456 459 INV
2 1 459 455 460 AND
2 1 458 460 461 LOR
2 1 151 305 462 XOR
1 1 151 463 INV
2 1 463 305 464 AND
1 1 462 465 INV
2 1 465 461 466 AND
2 1 464 466 467 LOR
2 1 156 310 468 XOR
1 1 156 469 INV
2 1 469 310 470 AND
1 1 468 471 INV
2 1 471 467 472 AND
2 1 470 472 473 LOR
2 1 161 315 474 XOR
1 1 161 475 INV
2 1 475 315 476 AND
1 1 474 477 INV
2 1 477 473 478 AND
2 1 476 478 479 LOR
2 1 166 320 480 XOR
1 1 166 481 INV
2 1 481 320 482 AND
1 1 480 483 INV
2 1 483 479 484 AND
2 1 482 484 485 LOR
2 1 171 325 486 XOR
1 1 171 487 INV
2 1 487 325 488 AND
1 1 486 489 INV
2 1 489 485 490 AND
2 1 488 490 491 LOR
2 1 176 330 492 XOR
1 1 176 493 INV
2 1 493 330 494 AND
1 1 492 495 INV
2 1 495 491 496 AND
2 1 494 496 497 LOR
2 1 181 335 498 XOR
1 1 181 499 INV
2 1 499 335 500 AND
1 1 498 501 INV
2 1 501 497 502 AND
2 1 500 502 503 LOR
2 1 186 340 504 XOR
1 1 186 505 INV
2 1 505 340 506 AND
1 1 504 507 INV
2 1 507 503 508 AND
2 1 506 508 509 LOR
2 1 191 345 510 XOR
1 1 191 511 INV
2 1 511 345 512 AND
1 1 510 513 INV
2 1 513 509 514 AND
2 1 512 514 515 LOR
2 1 196 350 516 XOR
1 1 196 517 INV
2 1 517 350 518 AND
1 1 516 519 INV
2 1 519 515 520 AND
2 1 518 520 521 LOR
2 1 201 355 522 XOR
1 1 201 523 INV
2 1 523 355 524 AND
1 1 522 525 INV
2 1 525 521 526 AND
2 1 524 526 527 LOR
2 1 206 360 528 XOR
1 1 206 529 INV
2 1 529 360 530 AND
1 1 528 531 INV
2 1 531 527 532 AND
2 1 530 532 533 LOR
2 1 211 365 534 XOR
1 1 211 535 INV
2 1 535 365 536 AND
1 1 534 537 INV
2 1 537 533 538 AND
2 1 536 538 539 LOR
2 1 216 370 540 XOR
1 1 216 541 INV
2 1 541 370 542 AND
1 1 540 543 INV
2 1 543 539 544 AND
2 1 542 544 545 LOR
2 1 221 375 546 XOR
1 1 221 547 INV
2 1 547 375 548 AND
1 1 546 549 INV
2 1 549 545 550 AND
2 1 548 550 551 LOR
2 1 226 380 552 XOR
1 1 226 553 INV
2 1 553 380 554 AND
1 1 552 555 INV
2 1 555 551 556 AND
2 1 554 556 557 LOR
2 1 231 385 558 XOR
1 1 231 559 INV
2 1 559 385 560 AND
1 1 558 561 INV
2 1 561 557 562 AND
2 1 560 562 563 LOR
2 1 236 390 564 XOR
1 1 236 565 INV
2 1 565 390 566 AND
1 1 564 567 INV
2 1 567 563 568 AND
2 1 566 568 569 LOR
2 1 241 395 570 XOR
1 1 241 571 INV
2 1 571 395 572 AND
1 1 570 573 INV
2 1 573 569 574 AND
2 1 572 574 575 LOR
2 1 246 400 576 XOR
1 1 246 577 INV
2 1 577 400 578 AND
1 1 576 579 INV
2 1 579 575 580 AND
2 1 578 580 581 LOR
2 1 251 405 582 XOR
1 1 251 583 INV
2 1 583 405 584 AND
1 1 582 585 INV
2 1 585 581 586 AND
2 1 584 586 587 LOR
2 1 256 410 588 XOR
1 1 256 589 INV
2 1 589 410 590 AND
1 1 588 591 INV
2 1 591 587 592 AND
2 1 590 592 593 LOR
2 1 261 415 594 XOR
1 1 261 595 INV
2 1 595 415 596 AND
1 1 594 597 INV
2 1 597 593 598 AND
2 1 596 598 599 LOR
2 1 266 420 600 XOR
1 1 266 601 INV
2 1 601 420 602 AND
1 1 600 603 INV
2 1 603 599 604 AND
2 1 602 604 605 LOR
2 1 271 425 606 XOR
1 1 271 607 INV
2 1 607 425 608 AND
1 1 606 609 INV
2 1 609 605 610 AND
2 1 608 610 611 LOR
2 1 276 430 612 XOR
1 1 276 613 INV
2 1 613 430 614 AND
1 1 612 615 INV
2 1 615 611 616 AND
2 1 614 616 617 LOR
2 1 281 435 618 XOR
1 1 281 619 INV
2 1 619 435 620 AND
1 1 618 621 INV
2 1 621 617 622 AND
2 1 620 622 623 LOR
1 1 623 624 LID