96 160
2 32 32
1 1
2 1 0 32 64 XOR
1 1 64 65 INV
2 1 1 33 66 XOR
1 1 66 67 INV
2 1 2 34 68 XOR
1 1 68 69 INV
2 1 3 35 70 XOR
1 1 70 71 INV
2 1 4 36 72 XOR
1 1 72 73 INV
2 1 5 37 74 XOR
1 1 74 75 INV
2 1 6 38 76 XOR
1 1 76 77 INV
2 1 7 39 78 XOR
1 1 78 79 INV
2 1 8 40 80 XOR
1 1 80 81 INV
2 1 9 41 82 XOR
1 1 82 83 INV
2 1 10 42 84 XOR
1 1 84 85 INV
2 1 11 43 86 XOR
1 1 86 87 INV
2 1 12 44 88 XOR
1 1 88 89 INV
2 1 13 45 90 XOR
1 1 90 91 INV
2 1 14 46 92 XOR
1 1 92 93 INV
2 1 15 47 94 XOR
1 1 94 95 INV
2 1 16 48 96 XOR
1 1 96 97 INV
2 1 17 49 98 XOR
1 1 98 99 INV
2 1 18 50 100 XOR
1 1 100 101 INV
2 1 19 51 102 XOR
1 1 102 103 INV
2 1 20 52 104 XOR
1 1 104 105 INV
2 1 21 53 106 XOR
1 1 106 107 INV
2 1 22 54 108 XOR
1 1 108 109 INV
2 1 23 55 110 XOR
1 1 110 111 INV
2 1 24 56 112 XOR
1 1 112 113 INV
2 1 25 57 114 XOR
1 1 114 115 INV
2 1 26 58 116 XOR
1 1 116 117 INV
2 1 27 59 118 XOR
1 1 118 119 INV
2 1 28 60 120 XOR
1 1 120 121 INV
2 1 29 61 122 XOR
1 1 122 123 INV
2 1 30 62 124 XOR
1 1 124 125 INV
2 1 31 63 126 XOR
1 1 126 127 INV
2 1 65 67 128 AND
2 1 69 71 129 AND
2 1 128 129 130 AND
2 1 73 75 131 AND
2 1 77 79 132 AND
2 1 131 132 133 AND
2 1 130 133 134 AND
2 1 81 83 135 AND
2 1 85 87 136 AND
2 1 135 136 137 AND
2 1 89 91 138 AND
2 1 93 95 139 AND
2 1 138 139 140 AND
2 1 137 140 141 AND
2 1 134 141 142 AND
2 1 97 99 143 AND
2 1 101 103 144 AND
2 1 143 144 145 AND
2 1 105 107 146 AND
2 1 109 111 147 AND
2 1 146 147 148 AND
2 1 145 148 149 AND
2 1 113 115 150 AND
2 1 117 119 151 AND
2 1 150 151 152 AND
2 1 121 123 153 AND
2 1 125 127 154 AND
2 1 153 154 155 AND
2 1 152 155 156 AND
2 1 149 156 157 AND
2 1 142 157 158 AND
1 1 158 159 INV